CALCL_Sciara/data/2006_SAVE/2006_000000000000_Morphology.stt
ncols		517
nrows		378
xllcorner	499547.500000
yllcorner	4174982.500000
cellsize	10.000000
NODATA_value	0.000000
[rows 168 to 191 of 378, columns 270 to 323 of 517]
2146.600000 2140.700000 2133.500000 2127.300000 2121.400000 2116.200000 2111.700000 2107.800000 2104.000000 2100.800000 2098.300000 2093.800000 2091.700000 2088.900000 2084.100000 2078.400000 2072.900000 2067.100000 2062.700000 2059.800000 2057.100000 2056.200000 2053.500000 2050.100000 2046.200000 2043.800000 2041.700000 2038.200000 2034.600000 2030.900000 2027.900000 2023.900000 2019.300000 2014.300000 2009.800000 2005.000000 1999.900000 1994.700000 1989.600000 1985.300000 1981.300000 1978.000000 1974.600000 1971.400000 1967.800000 1965.000000 1960.500000 1956.900000 1954.600000 1952.400000 1950.000000 1947.100000 1944.200000 1940.000000
2143.900000 2140.800000 2136.100000 2130.100000 2123.500000 2117.500000 2111.900000 2108.400000 2102.900000 2099.100000 2094.800000 2089.800000 2086.100000 2084.900000 2081.000000 2078.300000 2072.400000 2066.800000 2062.700000 2059.700000 2056.100000 2052.300000 2049.800000 2046.900000 2043.700000 2040.200000 2037.500000 2035.300000 2033.000000 2030.400000 2027.300000 2022.800000 2016.900000 2011.800000 2007.600000 2003.500000 1999.400000 1994.300000 1988.700000 1984.300000 1979.900000 1976.600000 1973.800000 1971.600000 1968.300000 1964.500000 1961.300000 1955.400000 1952.700000 1949.700000 1946.800000 1944.600000 1941.200000 1938.300000
2142.200000 2138.200000 2134.500000 2130.000000 2125.200000 2119.600000 2113.300000 2108.100000 2102.100000 2097.000000 2091.700000 2087.800000 2083.300000 2080.000000 2077.400000 2073.100000 2070.800000 2065.700000 2061.200000 2058.200000 2055.700000 2052.900000 2047.900000 2044.700000 2042.000000 2039.300000 2035.600000 2032.200000 2029.300000 2027.400000 2025.000000 2021.300000 2017.400000 2013.700000 2008.100000 2002.400000 1998.200000 1994.700000 1988.400000 1982.800000 1978.500000 1975.400000 1972.500000 1970.100000 1968.500000 1964.800000 1960.600000 1955.000000 1952.100000 1948.200000 1945.900000 1943.700000 1940.600000 1937.800000
2141.000000 2136.600000 2131.600000 2126.700000 2123.400000 2118.400000 2113.400000 2108.900000 2104.000000 2098.300000 2092.300000 2086.200000 2081.300000 2077.800000 2074.500000 2071.500000 2067.000000 2062.800000 2059.800000 2056.700000 2053.900000 2051.000000 2047.100000 2043.100000 2039.700000 2037.400000 2034.300000 2030.800000 2028.300000 2024.500000 2021.700000 2019.000000 2016.700000 2011.700000 2005.700000 1999.700000 1994.500000 1991.200000 1986.500000 1981.600000 1977.000000 1973.800000 1970.800000 1968.700000 1967.300000 1964.900000 1961.200000 1955.800000 1951.500000 1947.300000 1945.600000 1943.200000 1940.000000 1937.900000
2142.200000 2135.900000 2130.800000 2125.800000 2121.100000 2117.500000 2113.300000 2109.100000 2104.300000 2097.800000 2092.600000 2086.600000 2081.000000 2076.900000 2073.000000 2069.800000 2065.700000 2061.500000 2057.100000 2053.200000 2051.400000 2050.400000 2046.500000 2042.300000 2037.600000 2034.400000 2031.400000 2029.200000 2028.100000 2025.400000 2020.000000 2015.500000 2012.400000 2007.500000 2003.400000 1998.800000 1993.500000 1988.600000 1984.700000 1980.500000 1976.400000 1972.100000 1969.400000 1966.900000 1964.900000 1963.500000 1960.400000 1956.000000 1952.200000 1948.100000 1946.800000 1944.100000 1939.700000 1937.900000
2143.500000 2136.600000 2129.800000 2124.700000 2120.000000 2116.300000 2112.700000 2108.100000 2103.200000 2096.700000 2091.400000 2086.500000 2082.400000 2077.600000 2072.600000 2068.600000 2064.100000 2059.800000 2056.500000 2053.000000 2049.800000 2048.400000 2046.700000 2042.400000 2035.700000 2031.500000 2027.900000 2025.700000 2024.900000 2023.300000 2018.800000 2014.000000 2009.300000 2005.400000 2000.600000 1996.500000 1992.100000 1988.400000 1984.500000 1979.600000 1975.400000 1972.000000 1969.100000 1966.500000 1964.000000 1961.400000 1958.600000 1956.700000 1953.700000 1950.800000 1947.200000 1944.300000 1940.800000 1938.800000
2142.400000 2136.300000 2129.300000 2122.700000 2119.000000 2115.000000 2109.600000 2105.000000 2099.700000 2094.600000 2089.900000 2085.400000 2081.400000 2076.700000 2071.800000 2066.600000 2061.600000 2057.600000 2054.100000 2050.800000 2047.800000 2045.500000 2043.600000 2039.700000 2033.900000 2029.400000 2026.100000 2023.100000 2021.200000 2019.100000 2016.000000 2012.500000 2008.400000 2003.600000 2000.200000 1995.700000 1991.600000 1988.300000 1984.900000 1980.600000 1975.500000 1971.500000 1968.800000 1965.600000 1963.500000 1960.300000 1957.700000 1955.900000 1954.000000 1951.400000 1947.600000 1944.200000 1942.000000 1939.800000
2138.500000 2133.600000 2127.500000 2121.500000 2116.700000 2113.400000 2107.800000 2102.400000 2097.100000 2091.900000 2087.000000 2082.000000 2077.300000 2072.500000 2068.500000 2064.300000 2060.300000 2056.900000 2053.900000 2051.400000 2049.600000 2046.500000 2043.100000 2037.600000 2032.600000 2032.300000 2028.700000 2024.000000 2020.900000 2017.700000 2014.000000 2011.500000 2008.300000 2005.500000 2002.300000 1999.000000 1993.100000 1987.000000 1984.700000 1981.900000 1978.400000 1973.700000 1968.900000 1965.900000 1963.000000 1960.300000 1957.800000 1954.700000 1952.800000 1950.400000 1947.800000 1945.100000 1942.600000 1939.800000
2134.600000 2130.400000 2126.100000 2120.700000 2115.500000 2110.000000 2105.400000 2101.100000 2095.700000 2090.600000 2085.000000 2079.900000 2075.600000 2072.600000 2068.900000 2065.100000 2061.900000 2058.300000 2054.500000 2052.900000 2050.500000 2046.000000 2041.700000 2038.600000 2035.600000 2032.800000 2029.400000 2026.800000 2024.400000 2021.900000 2017.500000 2012.900000 2009.600000 2006.000000 2000.900000 1997.300000 1991.600000 1985.900000 1983.400000 1980.800000 1978.300000 1975.400000 1972.200000 1968.200000 1963.500000 1960.300000 1957.800000 1954.700000 1951.500000 1950.000000 1947.500000 1945.700000 1942.600000 1938.300000
2134.900000 2129.200000 2123.100000 2118.100000 2113.500000 2107.900000 2104.200000 2099.600000 2094.300000 2088.900000 2085.500000 2081.400000 2078.100000 2074.800000 2069.900000 2065.700000 2060.900000 2057.200000 2054.600000 2051.500000 2049.700000 2046.400000 2039.700000 2037.400000 2034.800000 2032.400000 2030.000000 2026.100000 2023.200000 2021.300000 2017.400000 2013.700000 2009.900000 2006.000000 1999.800000 1995.400000 1991.000000 1986.800000 1982.900000 1980.400000 1978.400000 1975.900000 1974.000000 1971.800000 1967.400000 1962.200000 1958.200000 1954.100000 1950.600000 1948.100000 1944.900000 1942.000000 1939.000000 1937.000000
2132.600000 2128.300000 2124.500000 2119.500000 2113.200000 2107.500000 2102.600000 2097.900000 2093.700000 2090.800000 2088.300000 2085.000000 2079.900000 2075.000000 2069.100000 2065.500000 2060.600000 2056.400000 2053.600000 2050.700000 2048.500000 2046.600000 2042.400000 2040.700000 2038.400000 2035.400000 2031.600000 2026.800000 2022.800000 2020.100000 2017.900000 2014.800000 2011.500000 2004.800000 1999.500000 1995.700000 1992.200000 1989.300000 1985.600000 1982.600000 1980.100000 1976.400000 1973.600000 1972.300000 1969.700000 1965.800000 1961.900000 1955.900000 1950.300000 1947.000000 1944.100000 1940.000000 1937.900000 1936.800000
2130.000000 2126.900000 2123.000000 2118.900000 2114.000000 2109.600000 2105.100000 2099.900000 2096.400000 2094.700000 2090.300000 2084.400000 2079.700000 2073.700000 2068.200000 2063.700000 2059.700000 2056.600000 2053.300000 2050.400000 2048.100000 2046.500000 2044.400000 2042.100000 2039.500000 2036.200000 2033.200000 2029.400000 2026.100000 2023.700000 2020.300000 2015.900000 2012.500000 2009.200000 2004.800000 2000.200000 1995.200000 1989.800000 1985.300000 1982.300000 1979.400000 1977.700000 1973.800000 1970.200000 1968.500000 1965.500000 1962.100000 1956.300000 1951.100000 1946.100000 1941.300000 1939.000000 1937.700000 1935.800000
2128.000000 2125.200000 2121.700000 2118.200000 2112.800000 2109.500000 2106.400000 2103.700000 2100.500000 2095.500000 2088.900000 2081.900000 2077.400000 2074.200000 2069.900000 2066.000000 2060.500000 2056.700000 2052.000000 2049.500000 2049.400000 2045.700000 2045.000000 2043.900000 2040.300000 2035.700000 2030.000000 2025.100000 2021.800000 2020.100000 2018.200000 2016.200000 2013.500000 2010.800000 2009.200000 2005.800000 1999.400000 1993.000000 1986.500000 1981.500000 1976.700000 1976.200000 1973.300000 1969.500000 1967.100000 1964.400000 1960.700000 1955.800000 1951.300000 1947.100000 1942.700000 1941.600000 1939.600000 1937.400000
2130.600000 2126.900000 2123.000000 2119.900000 2115.200000 2111.500000 2108.700000 2106.400000 2101.100000 2095.300000 2089.200000 2083.200000 2079.300000 2076.200000 2073.200000 2068.000000 2063.900000 2058.600000 2054.100000 2053.000000 2050.200000 2047.200000 2045.400000 2042.500000 2039.300000 2034.000000 2030.400000 2027.700000 2025.000000 2022.400000 2019.900000 2017.100000 2014.400000 2011.300000 2008.100000 2005.800000 2002.600000 1996.700000 1989.900000 1982.700000 1976.900000 1972.900000 1971.400000 1969.900000 1966.700000 1964.000000 1960.000000 1955.300000 1950.500000 1948.700000 1945.800000 1943.200000 1939.100000 1934.600000
2133.900000 2129.100000 2122.700000 2119.000000 2115.800000 2112.500000 2109.100000 2105.200000 2101.000000 2097.600000 2091.200000 2085.900000 2081.900000 2076.900000 2071.900000 2068.100000 2065.700000 2061.300000 2057.800000 2054.500000 2052.400000 2049.100000 2046.000000 2042.600000 2038.900000 2036.100000 2032.800000 2028.100000 2023.200000 2018.500000 2015.400000 2012.200000 2009.700000 2006.700000 2005.000000 2003.000000 1999.500000 1997.100000 1991.700000 1986.100000 1980.700000 1975.800000 1971.900000 1968.500000 1965.600000 1962.800000 1959.800000 1956.700000 1953.800000 1952.300000 1947.000000 1945.000000 1938.600000 1935.300000
2133.200000 2128.200000 2121.900000 2117.500000 2114.100000 2111.300000 2107.500000 2104.300000 2101.000000 2099.100000 2094.700000 2089.100000 2084.800000 2081.000000 2077.200000 2071.800000 2067.400000 2063.300000 2058.700000 2056.400000 2053.900000 2049.700000 2044.900000 2040.600000 2037.400000 2033.700000 2029.400000 2024.900000 2022.500000 2020.700000 2016.300000 2010.600000 2005.400000 2000.800000 1998.000000 1997.900000 1995.400000 1992.700000 1990.800000 1985.000000 1979.800000 1975.600000 1970.700000 1967.300000 1964.100000 1959.800000 1957.200000 1955.500000 1953.400000 1950.500000 1946.700000 1943.900000 1939.800000 1935.900000
2129.400000 2123.900000 2121.200000 2116.800000 2114.100000 2111.400000 2109.000000 2107.200000 2102.800000 2098.000000 2093.600000 2088.600000 2083.900000 2080.500000 2078.500000 2075.100000 2071.200000 2064.800000 2060.300000 2057.800000 2053.500000 2049.500000 2045.100000 2041.400000 2037.900000 2033.700000 2028.300000 2022.900000 2018.600000 2016.600000 2013.800000 2012.500000 2008.900000 2003.300000 1997.300000 1992.900000 1992.800000 1990.000000 1987.900000 1985.300000 1981.000000 1976.800000 1973.500000 1969.300000 1964.100000 1959.000000 1956.000000 1953.200000 1952.200000 1950.100000 1947.300000 1942.900000 1938.200000 1937.700000
2129.300000 2125.300000 2122.000000 2119.000000 2116.300000 2113.800000 2111.900000 2107.200000 2101.900000 2097.200000 2092.800000 2089.400000 2085.800000 2082.300000 2078.100000 2073.100000 2068.400000 2065.400000 2063.000000 2057.800000 2053.400000 2049.500000 2045.800000 2042.500000 2038.500000 2034.100000 2030.000000 2026.100000 2022.500000 2018.500000 2013.300000 2008.200000 2006.200000 2003.200000 2001.000000 1996.700000 1990.500000 1988.200000 1987.400000 1984.800000 1980.200000 1975.800000 1972.700000 1968.800000 1965.300000 1962.500000 1958.100000 1954.600000 1951.800000 1949.100000 1946.600000 1943.600000 1941.700000 1939.000000
2132.100000 2128.700000 2124.900000 2121.600000 2118.900000 2114.900000 2112.100000 2108.900000 2104.300000 2100.200000 2096.800000 2091.500000 2084.300000 2079.100000 2075.900000 2072.000000 2070.400000 2067.500000 2060.900000 2056.700000 2051.600000 2048.100000 2043.400000 2039.300000 2035.900000 2033.300000 2029.100000 2023.300000 2018.500000 2015.200000 2012.000000 2010.100000 2006.200000 2000.400000 1996.500000 1995.000000 1993.300000 1988.800000 1983.600000 1980.300000 1977.100000 1973.200000 1970.200000 1967.800000 1963.600000 1959.600000 1957.700000 1955.700000 1953.300000 1951.800000 1949.700000 1946.000000 1943.500000 1938.500000
2133.100000 2129.500000 2126.600000 2123.900000 2120.100000 2115.500000 2111.100000 2107.900000 2104.600000 2100.800000 2095.800000 2090.800000 2085.200000 2081.000000 2078.200000 2074.800000 2071.800000 2067.900000 2063.100000 2055.600000 2051.200000 2049.100000 2044.400000 2039.300000 2033.900000 2032.200000 2027.800000 2022.700000 2019.900000 2015.000000 2009.600000 2004.700000 2002.500000 2001.200000 1998.000000 1992.400000 1989.700000 1989.100000 1985.100000 1977.900000 1971.800000 1967.800000 1964.400000 1961.200000 1959.900000 1959.200000 1958.300000 1956.400000 1953.700000 1951.300000 1948.500000 1945.300000 1941.900000 1939.400000
2133.900000 2129.400000 2126.700000 2123.500000 2119.000000 2114.200000 2108.800000 2105.800000 2102.500000 2099.500000 2094.400000 2089.500000 2085.500000 2081.900000 2079.200000 2075.800000 2072.100000 2066.300000 2060.500000 2055.400000 2051.400000 2047.000000 2042.800000 2037.900000 2033.200000 2028.600000 2025.800000 2020.400000 2016.700000 2012.200000 2007.800000 2003.300000 1998.300000 1994.800000 1992.300000 1991.400000 1989.400000 1986.600000 1983.900000 1979.400000 1975.100000 1970.200000 1963.300000 1959.500000 1956.500000 1955.800000 1953.400000 1951.500000 1950.000000 1948.200000 1946.900000 1943.700000 1942.200000 1940.100000
2131.000000 2126.700000 2122.200000 2119.300000 2114.200000 2110.400000 2107.800000 2104.500000 2101.200000 2098.700000 2095.900000 2092.300000 2087.400000 2082.700000 2079.600000 2076.400000 2071.300000 2065.000000 2061.600000 2057.800000 2054.100000 2049.300000 2044.000000 2038.300000 2033.400000 2030.100000 2026.500000 2020.900000 2015.300000 2010.700000 2007.300000 2003.500000 1999.400000 1994.500000 1990.500000 1986.100000 1983.600000 1983.400000 1980.600000 1977.600000 1975.300000 1971.700000 1968.600000 1964.400000 1959.800000 1954.500000 1953.300000 1952.400000 1950.900000 1948.700000 1946.300000 1943.800000 1942.000000 1939.600000
2128.900000 2124.400000 2120.800000 2117.100000 2112.400000 2108.400000 2105.200000 2102.100000 2098.300000 2096.500000 2094.400000 2091.300000 2087.400000 2082.200000 2077.600000 2072.800000 2067.500000 2062.800000 2058.700000 2056.600000 2054.000000 2050.400000 2045.700000 2040.000000 2034.600000 2029.200000 2025.000000 2021.400000 2017.600000 2013.500000 2010.700000 2007.300000 2003.500000 1998.800000 1994.000000 1987.800000 1980.600000 1978.000000 1977.100000 1976.600000 1974.700000 1973.400000 1969.200000 1964.400000 1961.100000 1958.900000 1957.000000 1955.600000 1951.300000 1946.600000 1944.000000 1942.900000 1941.100000 1939.400000
2124.500000 2121.500000 2119.100000 2113.100000 2108.800000 2106.500000 2104.200000 2103.200000 2098.800000 2096.300000 2092.100000 2088.400000 2085.500000 2082.000000 2077.500000 2073.400000 2070.400000 2067.300000 2062.900000 2057.100000 2052.400000 2048.500000 2045.300000 2040.300000 2034.600000 2030.200000 2025.800000 2022.700000 2019.000000 2015.600000 2012.700000 2008.800000 2004.700000 2000.400000 1994.300000 1990.100000 1983.700000 1977.800000 1973.400000 1971.200000 1972.400000 1971.500000 1969.400000 1966.100000 1962.700000 1958.900000 1954.900000 1953.300000 1952.000000 1945.700000 1942.500000 1938.400000 1939.600000 1939.000000
