CALCL_Sciara/data/2006_SAVE/2006_000000000000_Morphology.stt
ncols		517
nrows		378
xllcorner	499547.500000
yllcorner	4174982.500000
cellsize	10.000000
NODATA_value	0.000000
[rows 96 to 119 of 378, columns 216 to 269 of 517]
2547.000000 2544.300000 2540.500000 2538.800000 2537.300000 2532.600000 2528.300000 2526.000000 2521.100000 2514.500000 2511.800000 2509.400000 2507.100000 2505.100000 2502.100000 2499.400000 2495.900000 2492.600000 2489.300000 2484.600000 2481.500000 2478.300000 2474.900000 2472.800000 2469.900000 2466.400000 2462.400000 2459.200000 2457.600000 2456.100000 2455.300000 2452.900000 2451.200000 2446.500000 2445.500000 2443.400000 2441.000000 2436.900000 2433.700000 2430.200000 2426.300000 2423.200000 2418.700000 2414.700000 2409.400000 2404.800000 2399.000000 2395.500000 2392.400000 2388.000000 2384.200000 2380.000000 2375.600000 2370.900000
2545.500000 2543.100000 2539.700000 2536.500000 2533.800000 2531.000000 2527.900000 2525.300000 2520.900000 2514.300000 2510.000000 2506.900000 2506.100000 2503.800000 2501.200000 2497.800000 2494.400000 2490.800000 2487.500000 2484.900000 2481.400000 2478.400000 2475.600000 2473.300000 2470.500000 2466.500000 2462.100000 2458.100000 2455.700000 2454.300000 2452.300000 2448.300000 2447.000000 2442.200000 2439.500000 2438.400000 2437.000000 2433.000000 2429.400000 2427.600000 2423.500000 2421.800000 2419.800000 2414.000000 2407.400000 2403.000000 2399.300000 2395.400000 2391.700000 2387.800000 2383.800000 2379.600000 2375.500000 2371.200000
2542.200000 2539.400000 2537.800000 2535.300000 2531.600000 2528.300000 2525.200000 2523.400000 2521.900000 2515.700000 2511.200000 2506.700000 2504.700000 2502.900000 2499.800000 2497.000000 2493.300000 2490.000000 2487.500000 2485.100000 2481.700000 2477.800000 2474.400000 2471.600000 2469.500000 2465.700000 2461.000000 2457.200000 2454.200000 2451.800000 2449.600000 2446.200000 2442.500000 2438.300000 2435.400000 2432.300000 2431.600000 2429.500000 2425.900000 2422.300000 2418.900000 2417.000000 2414.300000 2413.900000 2407.300000 2400.500000 2395.700000 2391.200000 2387.700000 2385.100000 2381.300000 2376.700000 2373.500000 2369.900000
2541.600000 2538.000000 2535.100000 2532.200000 2529.200000 2526.300000 2523.200000 2520.100000 2518.100000 2515.500000 2513.500000 2508.100000 2503.200000 2501.000000 2498.700000 2495.300000 2492.400000 2489.400000 2487.300000 2484.600000 2481.700000 2478.300000 2474.500000 2470.800000 2468.000000 2464.800000 2460.700000 2456.000000 2452.700000 2450.300000 2447.800000 2444.300000 2439.300000 2435.000000 2432.300000 2429.200000 2426.800000 2423.200000 2420.700000 2419.800000 2416.900000 2413.800000 2409.900000 2408.800000 2406.700000 2401.200000 2394.700000 2389.800000 2385.100000 2381.600000 2378.500000 2373.800000 2369.500000 2364.600000
2541.600000 2538.800000 2535.900000 2533.700000 2531.300000 2527.200000 2522.600000 2519.100000 2517.000000 2514.100000 2510.900000 2507.300000 2504.500000 2500.400000 2496.900000 2493.900000 2490.900000 2488.600000 2486.000000 2483.900000 2481.500000 2477.800000 2472.200000 2467.600000 2465.400000 2462.000000 2458.700000 2454.700000 2451.000000 2449.300000 2447.300000 2443.800000 2439.500000 2434.500000 2429.500000 2426.900000 2424.200000 2420.100000 2417.100000 2415.300000 2413.600000 2411.500000 2407.500000 2403.600000 2402.100000 2398.800000 2393.800000 2389.300000 2384.600000 2379.700000 2375.100000 2372.300000 2368.400000 2362.200000
2541.400000 2538.400000 2535.900000 2533.200000 2529.400000 2525.400000 2522.000000 2519.800000 2518.200000 2515.000000 2510.000000 2506.200000 2503.300000 2501.200000 2497.000000 2492.300000 2490.200000 2487.700000 2484.500000 2482.000000 2479.600000 2476.500000 2471.000000 2466.300000 2462.100000 2459.400000 2456.700000 2453.200000 2450.200000 2447.700000 2445.200000 2443.000000 2438.300000 2433.200000 2429.000000 2425.100000 2422.900000 2420.200000 2416.600000 2413.200000 2410.400000 2408.800000 2406.800000 2402.700000 2398.400000 2394.500000 2389.400000 2386.600000 2383.500000 2379.300000 2375.900000 2371.000000 2365.000000 2360.100000
2539.600000 2537.400000 2535.200000 2531.600000 2527.500000 2522.600000 2518.100000 2514.600000 2512.600000 2510.700000 2506.700000 2503.400000 2500.900000 2499.000000 2495.000000 2489.500000 2488.300000 2486.000000 2482.500000 2479.600000 2476.400000 2474.400000 2470.300000 2464.500000 2459.500000 2455.900000 2454.700000 2451.600000 2448.400000 2445.900000 2443.400000 2440.700000 2436.200000 2431.500000 2428.100000 2424.300000 2422.700000 2419.400000 2414.800000 2411.900000 2409.800000 2407.400000 2406.600000 2402.600000 2396.500000 2391.400000 2387.500000 2383.300000 2378.900000 2375.500000 2371.800000 2368.900000 2364.900000 2359.600000
2537.700000 2534.000000 2531.200000 2527.000000 2522.600000 2519.300000 2516.300000 2513.700000 2511.400000 2507.200000 2502.700000 2499.000000 2497.000000 2493.700000 2490.800000 2487.700000 2485.500000 2483.600000 2481.600000 2478.200000 2474.300000 2469.900000 2466.000000 2461.200000 2456.600000 2453.700000 2451.300000 2448.700000 2445.700000 2443.300000 2441.800000 2439.000000 2434.800000 2430.600000 2427.300000 2424.400000 2420.700000 2417.500000 2412.100000 2408.300000 2406.900000 2405.900000 2404.900000 2400.900000 2396.500000 2392.300000 2387.100000 2383.500000 2379.500000 2374.600000 2369.400000 2364.700000 2360.700000 2357.200000
2536.200000 2532.900000 2529.900000 2526.100000 2521.600000 2517.900000 2515.300000 2512.900000 2509.500000 2505.200000 2501.400000 2498.000000 2495.800000 2492.600000 2490.000000 2486.500000 2483.500000 2480.400000 2479.000000 2477.100000 2473.200000 2469.800000 2465.600000 2461.100000 2456.100000 2452.100000 2448.200000 2446.200000 2443.100000 2440.800000 2439.200000 2436.800000 2433.900000 2429.500000 2426.300000 2423.600000 2420.200000 2415.600000 2410.700000 2405.500000 2402.800000 2401.600000 2402.500000 2396.800000 2393.700000 2391.300000 2388.700000 2385.200000 2378.800000 2372.500000 2367.400000 2362.300000 2358.600000 2355.500000
2535.100000 2531.900000 2527.800000 2525.400000 2522.500000 2518.200000 2515.300000 2511.300000 2508.100000 2504.300000 2500.500000 2497.200000 2494.200000 2491.700000 2488.500000 2485.600000 2482.800000 2479.700000 2476.200000 2473.700000 2471.500000 2468.600000 2466.500000 2463.300000 2458.800000 2453.400000 2448.300000 2444.600000 2441.700000 2438.300000 2436.800000 2434.400000 2431.800000 2428.100000 2424.400000 2421.900000 2417.900000 2414.100000 2409.200000 2404.400000 2401.000000 2399.200000 2396.600000 2392.700000 2387.700000 2385.300000 2385.500000 2382.800000 2378.100000 2372.700000 2366.100000 2361.100000 2357.200000 2353.300000
2534.000000 2530.400000 2526.800000 2523.200000 2519.500000 2516.100000 2512.900000 2510.200000 2506.400000 2503.800000 2499.800000 2496.600000 2494.400000 2491.800000 2488.400000 2484.900000 2481.800000 2478.500000 2475.800000 2472.900000 2470.500000 2467.900000 2465.000000 2461.800000 2458.100000 2453.700000 2449.800000 2445.600000 2440.300000 2436.600000 2433.600000 2431.800000 2428.900000 2426.300000 2422.300000 2418.800000 2415.100000 2411.000000 2407.200000 2403.400000 2399.400000 2397.400000 2393.200000 2389.600000 2384.100000 2380.400000 2379.200000 2378.700000 2372.800000 2370.100000 2365.300000 2359.900000 2356.600000 2352.000000
2537.100000 2532.600000 2528.500000 2525.100000 2521.000000 2517.200000 2513.000000 2509.000000 2505.200000 2502.000000 2498.300000 2494.700000 2491.100000 2488.400000 2485.600000 2483.100000 2480.500000 2477.800000 2474.600000 2471.900000 2469.200000 2466.900000 2464.600000 2461.200000 2457.200000 2453.000000 2448.100000 2443.900000 2440.700000 2435.700000 2431.800000 2428.900000 2425.400000 2422.400000 2419.900000 2417.600000 2414.300000 2410.000000 2405.200000 2401.300000 2398.300000 2395.000000 2392.500000 2387.000000 2380.900000 2376.000000 2373.400000 2374.000000 2369.100000 2363.800000 2361.000000 2359.100000 2354.400000 2350.800000
2538.400000 2532.600000 2527.600000 2523.500000 2519.900000 2516.600000 2512.500000 2508.400000 2504.500000 2500.600000 2496.900000 2493.400000 2490.700000 2487.700000 2485.200000 2483.000000 2480.200000 2477.800000 2476.600000 2474.100000 2470.000000 2464.700000 2459.800000 2456.700000 2454.100000 2450.500000 2445.800000 2441.400000 2438.300000 2434.600000 2430.900000 2427.000000 2423.200000 2420.100000 2418.300000 2416.300000 2414.000000 2410.100000 2405.000000 2400.300000 2396.300000 2393.400000 2390.100000 2385.700000 2380.500000 2374.800000 2370.100000 2367.800000 2366.400000 2360.000000 2356.300000 2354.500000 2349.800000 2344.700000
2538.200000 2531.900000 2526.800000 2522.800000 2519.400000 2515.900000 2511.500000 2507.700000 2504.300000 2501.000000 2498.500000 2495.200000 2492.400000 2488.800000 2485.000000 2481.400000 2479.000000 2477.300000 2475.700000 2473.200000 2469.800000 2464.900000 2459.800000 2454.700000 2450.100000 2446.500000 2442.800000 2439.500000 2435.300000 2432.300000 2429.000000 2425.900000 2423.100000 2419.900000 2416.800000 2414.100000 2411.900000 2408.800000 2404.100000 2399.100000 2394.800000 2390.700000 2387.900000 2384.300000 2378.400000 2372.900000 2368.000000 2364.100000 2362.000000 2358.100000 2352.300000 2350.300000 2347.600000 2341.400000
2537.700000 2531.700000 2525.700000 2521.500000 2518.800000 2515.200000 2510.800000 2506.600000 2503.300000 2499.800000 2496.800000 2493.300000 2488.600000 2484.200000 2480.000000 2475.900000 2472.600000 2471.000000 2470.700000 2470.000000 2467.400000 2462.500000 2458.200000 2454.500000 2450.900000 2445.700000 2440.400000 2436.300000 2432.900000 2430.500000 2428.400000 2425.300000 2422.700000 2420.100000 2416.800000 2412.800000 2409.100000 2406.300000 2402.500000 2398.000000 2393.100000 2388.000000 2384.500000 2381.300000 2376.300000 2370.800000 2365.200000 2361.400000 2358.200000 2353.500000 2349.700000 2345.500000 2343.700000 2339.300000
2536.000000 2531.400000 2526.500000 2521.500000 2516.800000 2511.800000 2506.600000 2501.800000 2498.100000 2494.700000 2491.600000 2488.300000 2484.000000 2479.800000 2475.600000 2471.900000 2468.100000 2465.600000 2464.200000 2463.600000 2462.300000 2460.500000 2457.100000 2452.800000 2450.700000 2447.900000 2442.700000 2436.800000 2430.600000 2427.300000 2426.000000 2423.300000 2420.700000 2418.300000 2415.600000 2411.400000 2407.000000 2404.100000 2399.900000 2396.000000 2391.500000 2386.700000 2381.800000 2378.000000 2374.300000 2369.100000 2364.100000 2359.200000 2355.100000 2350.800000 2345.100000 2341.700000 2337.900000 2335.100000
2535.400000 2532.000000 2528.700000 2522.600000 2516.500000 2511.200000 2506.000000 2501.100000 2496.800000 2493.100000 2489.800000 2486.300000 2483.000000 2478.100000 2473.700000 2469.800000 2465.800000 2462.600000 2459.900000 2457.700000 2455.900000 2454.000000 2452.600000 2450.700000 2448.300000 2446.000000 2442.500000 2438.500000 2431.700000 2425.000000 2421.200000 2419.400000 2417.900000 2415.700000 2413.600000 2410.700000 2406.500000 2401.600000 2397.800000 2393.500000 2389.500000 2385.300000 2380.200000 2374.900000 2370.600000 2366.500000 2361.900000 2357.000000 2352.100000 2347.500000 2343.100000 2337.100000 2331.800000 2329.000000
2534.400000 2530.900000 2526.200000 2522.500000 2517.600000 2512.700000 2507.800000 2503.900000 2499.400000 2493.300000 2489.300000 2485.400000 2482.000000 2478.500000 2474.900000 2470.500000 2465.100000 2460.400000 2457.300000 2454.700000 2450.700000 2448.000000 2446.100000 2444.200000 2442.000000 2439.300000 2437.800000 2435.200000 2431.500000 2425.000000 2418.800000 2415.300000 2414.200000 2413.000000 2410.600000 2407.800000 2404.600000 2399.500000 2394.700000 2390.300000 2386.200000 2383.200000 2378.700000 2373.000000 2365.900000 2362.300000 2358.000000 2353.000000 2348.500000 2344.100000 2339.300000 2334.700000 2329.000000 2323.300000
2531.700000 2528.700000 2524.800000 2520.400000 2516.700000 2512.600000 2508.400000 2504.100000 2500.300000 2494.300000 2488.600000 2484.100000 2481.300000 2478.400000 2473.700000 2468.900000 2463.900000 2459.700000 2454.800000 2451.100000 2448.100000 2443.400000 2440.000000 2437.700000 2435.000000 2432.700000 2431.100000 2430.000000 2427.600000 2423.100000 2418.500000 2412.600000 2409.700000 2407.600000 2405.900000 2403.600000 2401.800000 2398.100000 2393.700000 2387.100000 2382.700000 2379.900000 2375.500000 2370.600000 2363.900000 2358.300000 2353.400000 2349.400000 2344.500000 2340.800000 2335.700000 2330.900000 2326.100000 2320.900000
2531.000000 2526.800000 2523.400000 2520.200000 2517.600000 2512.400000 2508.200000 2504.800000 2499.500000 2495.400000 2490.300000 2485.500000 2479.400000 2476.500000 2474.000000 2469.200000 2464.200000 2459.000000 2453.600000 2448.000000 2444.800000 2441.400000 2436.200000 2432.800000 2429.500000 2426.900000 2424.400000 2423.600000 2422.800000 2419.800000 2416.000000 2411.900000 2407.200000 2402.600000 2398.800000 2397.600000 2396.400000 2393.100000 2389.500000 2384.500000 2379.600000 2375.600000 2371.700000 2367.500000 2361.600000 2355.000000 2349.300000 2345.700000 2341.200000 2336.600000 2331.600000 2326.000000 2321.400000 2316.900000
2531.200000 2526.700000 2522.400000 2518.700000 2515.500000 2512.600000 2507.700000 2502.000000 2498.200000 2493.500000 2489.100000 2484.200000 2479.300000 2475.400000 2471.800000 2469.300000 2465.900000 2460.100000 2453.500000 2447.100000 2441.900000 2438.400000 2434.100000 2429.500000 2425.900000 2422.300000 2419.000000 2416.800000 2415.900000 2414.900000 2412.500000 2409.400000 2406.000000 2400.400000 2395.000000 2391.100000 2390.200000 2387.200000 2384.100000 2379.300000 2374.000000 2370.200000 2366.600000 2363.200000 2358.900000 2352.500000 2346.500000 2341.100000 2337.300000 2333.300000 2329.000000 2323.900000 2318.000000 2313.000000
2530.200000 2524.600000 2519.400000 2516.400000 2512.900000 2510.000000 2506.700000 2501.400000 2495.900000 2491.400000 2487.100000 2482.200000 2476.000000 2472.300000 2470.000000 2467.400000 2464.300000 2459.700000 2453.600000 2447.100000 2440.700000 2435.200000 2431.100000 2427.200000 2423.200000 2420.200000 2415.800000 2411.900000 2409.400000 2407.900000 2407.000000 2405.800000 2403.500000 2399.700000 2392.300000 2387.100000 2384.100000 2380.200000 2378.000000 2374.500000 2369.000000 2363.800000 2361.900000 2358.900000 2354.900000 2349.700000 2343.800000 2337.900000 2333.100000 2329.100000 2326.100000 2321.900000 2317.200000 2312.000000
2529.700000 2523.500000 2517.500000 2513.100000 2509.500000 2506.900000 2503.400000 2499.300000 2495.600000 2490.500000 2484.800000 2479.500000 2474.000000 2469.300000 2465.300000 2463.100000 2460.600000 2457.100000 2452.400000 2446.700000 2440.100000 2433.700000 2428.300000 2424.300000 2420.800000 2417.000000 2413.400000 2408.800000 2404.500000 2401.800000 2400.600000 2400.100000 2401.100000 2399.400000 2392.400000 2384.900000 2380.100000 2376.800000 2373.800000 2370.300000 2364.500000 2359.000000 2355.900000 2354.500000 2350.800000 2346.700000 2341.500000 2335.900000 2330.200000 2325.000000 2321.500000 2317.300000 2313.200000 2309.700000
2525.400000 2520.500000 2515.700000 2510.800000 2506.300000 2503.800000 2501.100000 2497.800000 2493.200000 2489.100000 2485.100000 2479.900000 2473.500000 2467.400000 2462.200000 2458.800000 2456.200000 2454.300000 2450.400000 2444.600000 2438.700000 2433.000000 2426.800000 2421.600000 2417.800000 2414.300000 2410.100000 2406.500000 2401.000000 2397.300000 2394.800000 2394.200000 2395.100000 2394.200000 2390.400000 2384.100000 2377.000000 2372.600000 2370.700000 2367.100000 2363.100000 2356.100000 2351.300000 2349.500000 2346.700000 2341.900000 2338.200000 2333.400000 2327.700000 2322.400000 2317.200000 2313.200000 2308.000000 2306.000000
