CALCL_Sciara/data/2006_SAVE/2006_000000000000_Morphology.stt
ncols		517
nrows		378
xllcorner	499547.500000
yllcorner	4174982.500000
cellsize	10.000000
NODATA_value	0.000000
[rows 48 to 71 of 378, columns 162 to 215 of 517]
2745.200000 2741.800000 2738.900000 2735.500000 2730.800000 2726.100000 2721.400000 2717.000000 2713.000000 2709.400000 2706.300000 2702.600000 2697.400000 2693.700000 2690.700000 2688.100000 2684.800000 2681.500000 2678.400000 2676.400000 2674.700000 2672.600000 2669.600000 2667.100000 2665.300000 2663.000000 2658.300000 2654.400000 2649.600000 2646.700000 2644.900000 2643.900000 2641.400000 2639.600000 2636.800000 2634.600000 2631.900000 2629.600000 2627.400000 2624.800000 2621.500000 2619.700000 2615.700000 2613.100000 2612.900000 2610.700000 2607.800000 2605.000000 2603.300000 2599.700000 2595.800000 2593.100000 2590.800000 2588.400000
2746.700000 2742.800000 2739.300000 2737.000000 2732.200000 2726.300000 2722.800000 2718.400000 2713.900000 2710.400000 2707.500000 2702.500000 2698.300000 2695.000000 2691.500000 2688.600000 2686.600000 2683.900000 2680.200000 2677.200000 2675.600000 2673.500000 2671.000000 2668.300000 2666.900000 2663.300000 2659.200000 2654.100000 2650.100000 2647.300000 2645.900000 2644.400000 2642.300000 2638.700000 2636.400000 2635.000000 2634.000000 2632.700000 2630.100000 2625.100000 2620.100000 2615.300000 2613.400000 2610.900000 2608.400000 2608.100000 2604.700000 2604.200000 2601.600000 2598.100000 2595.400000 2592.500000 2588.400000 2584.600000
2747.200000 2743.800000 2739.000000 2735.000000 2731.600000 2727.100000 2723.000000 2718.800000 2714.300000 2710.900000 2707.400000 2702.800000 2700.200000 2697.000000 2693.100000 2690.800000 2688.400000 2686.300000 2682.800000 2679.800000 2677.100000 2674.200000 2671.600000 2669.200000 2665.700000 2662.700000 2658.600000 2655.300000 2651.900000 2649.400000 2647.600000 2645.100000 2642.600000 2641.200000 2639.000000 2637.500000 2635.200000 2634.300000 2631.500000 2626.400000 2620.700000 2615.400000 2611.900000 2608.000000 2606.200000 2604.400000 2603.100000 2599.800000 2598.600000 2597.500000 2593.800000 2591.100000 2589.200000 2585.800000
2747.300000 2743.600000 2738.100000 2732.800000 2727.900000 2725.000000 2721.800000 2717.800000 2713.700000 2710.700000 2707.400000 2703.800000 2699.800000 2698.200000 2695.700000 2692.700000 2690.100000 2687.400000 2684.900000 2682.200000 2679.100000 2675.700000 2672.300000 2669.300000 2664.500000 2662.100000 2659.700000 2656.500000 2653.700000 2651.400000 2649.800000 2646.700000 2644.900000 2644.300000 2637.700000 2629.800000 2625.000000 2623.800000 2622.600000 2622.400000 2620.400000 2616.600000 2613.200000 2609.600000 2606.100000 2602.800000 2600.600000 2597.700000 2594.800000 2592.500000 2592.400000 2590.200000 2589.000000 2586.800000
2747.800000 2742.000000 2737.200000 2732.100000 2729.500000 2726.600000 2722.200000 2718.300000 2715.400000 2712.500000 2709.300000 2704.800000 2702.400000 2700.600000 2697.700000 2694.200000 2691.800000 2688.900000 2686.600000 2682.900000 2679.700000 2675.700000 2672.100000 2668.400000 2666.200000 2661.900000 2659.700000 2657.500000 2655.800000 2653.700000 2651.200000 2649.300000 2649.600000 2645.700000 2637.800000 2630.100000 2626.300000 2622.700000 2621.500000 2621.500000 2618.100000 2614.900000 2611.600000 2607.700000 2606.700000 2603.600000 2599.800000 2596.200000 2593.400000 2590.300000 2587.400000 2585.500000 2586.600000 2585.200000
2751.100000 2745.800000 2740.500000 2734.400000 2730.000000 2727.600000 2724.900000 2720.400000 2717.200000 2714.100000 2709.500000 2706.900000 2706.100000 2704.000000 2700.000000 2697.300000 2693.900000 2690.500000 2687.400000 2683.700000 2680.400000 2675.800000 2672.800000 2669.000000 2666.800000 2663.700000 2661.000000 2659.400000 2657.000000 2654.400000 2652.300000 2651.900000 2648.000000 2642.900000 2641.500000 2633.900000 2629.900000 2627.200000 2628.600000 2624.500000 2619.400000 2615.700000 2611.300000 2608.200000 2604.500000 2600.500000 2598.900000 2596.300000 2593.000000 2589.500000 2587.000000 2584.500000 2582.000000 2580.100000
2751.700000 2746.200000 2740.900000 2735.800000 2731.900000 2728.800000 2725.500000 2721.700000 2718.100000 2713.900000 2710.300000 2709.700000 2707.900000 2705.100000 2702.300000 2699.500000 2696.200000 2691.500000 2688.200000 2685.500000 2682.900000 2679.400000 2674.700000 2672.300000 2669.300000 2666.000000 2662.500000 2659.600000 2656.200000 2654.900000 2653.000000 2652.400000 2651.200000 2649.500000 2644.400000 2639.300000 2636.300000 2633.300000 2628.900000 2623.100000 2617.700000 2613.800000 2610.200000 2607.200000 2603.700000 2601.000000 2597.700000 2594.900000 2593.600000 2591.400000 2589.100000 2586.000000 2582.300000 2578.800000
2752.400000 2745.100000 2739.500000 2734.800000 2730.500000 2727.600000 2725.200000 2723.300000 2718.700000 2716.500000 2714.700000 2712.300000 2709.100000 2706.900000 2705.000000 2701.200000 2697.100000 2692.600000 2688.500000 2685.500000 2683.400000 2680.000000 2676.300000 2673.500000 2671.000000 2667.000000 2664.100000 2660.900000 2657.600000 2656.100000 2653.200000 2649.800000 2647.200000 2645.200000 2641.900000 2638.100000 2633.900000 2629.600000 2624.900000 2619.900000 2615.200000 2610.600000 2607.100000 2604.500000 2600.700000 2599.200000 2597.400000 2594.600000 2592.300000 2591.500000 2591.000000 2588.600000 2585.200000 2579.400000
2751.800000 2745.900000 2740.800000 2736.400000 2731.400000 2727.000000 2723.400000 2721.100000 2721.300000 2719.700000 2717.100000 2714.800000 2711.300000 2709.300000 2706.300000 2702.100000 2697.900000 2694.400000 2690.700000 2686.000000 2682.400000 2679.800000 2675.700000 2673.400000 2670.700000 2667.900000 2664.700000 2661.700000 2659.800000 2657.300000 2651.800000 2646.700000 2643.600000 2640.300000 2636.900000 2632.900000 2629.400000 2624.900000 2620.400000 2615.700000 2612.200000 2608.100000 2605.100000 2601.700000 2598.900000 2596.400000 2594.900000 2592.000000 2589.800000 2588.000000 2586.700000 2586.000000 2583.600000 2578.200000
2753.000000 2747.400000 2741.900000 2736.600000 2732.100000 2727.600000 2725.800000 2724.100000 2722.900000 2721.200000 2718.600000 2715.700000 2713.200000 2710.400000 2707.300000 2704.600000 2701.800000 2698.700000 2694.500000 2687.300000 2681.600000 2677.900000 2675.900000 2673.800000 2671.500000 2669.400000 2665.900000 2662.600000 2659.000000 2655.200000 2650.100000 2644.900000 2641.100000 2638.000000 2633.100000 2628.600000 2624.400000 2620.400000 2616.400000 2612.500000 2610.000000 2606.600000 2603.500000 2600.000000 2597.200000 2594.200000 2592.100000 2590.600000 2587.700000 2585.400000 2584.200000 2582.400000 2579.100000 2576.600000
2756.200000 2751.400000 2746.200000 2741.100000 2735.100000 2729.000000 2727.600000 2725.700000 2723.700000 2722.000000 2721.200000 2717.800000 2714.400000 2712.000000 2709.600000 2707.400000 2703.700000 2700.300000 2695.200000 2688.000000 2682.200000 2678.300000 2676.700000 2675.400000 2674.800000 2671.900000 2666.800000 2663.800000 2661.000000 2655.700000 2650.200000 2646.100000 2642.500000 2639.500000 2635.100000 2629.600000 2624.000000 2620.000000 2615.500000 2612.200000 2609.200000 2605.700000 2602.500000 2598.600000 2596.500000 2594.300000 2591.100000 2589.800000 2587.500000 2584.500000 2582.400000 2580.700000 2577.300000 2574.300000
2755.100000 2751.300000 2745.700000 2740.700000 2736.500000 2732.900000 2729.800000 2726.400000 2726.200000 2725.200000 2723.200000 2719.900000 2716.500000 2713.400000 2710.700000 2707.800000 2704.300000 2699.200000 2694.400000 2689.100000 2683.300000 2678.800000 2676.800000 2675.400000 2673.900000 2671.500000 2668.000000 2664.900000 2662.000000 2656.900000 2653.300000 2648.500000 2642.800000 2640.000000 2635.300000 2629.700000 2624.600000 2620.100000 2616.200000 2612.800000 2609.600000 2606.500000 2603.700000 2600.300000 2597.300000 2594.500000 2591.100000 2589.900000 2587.500000 2584.300000 2582.400000 2580.500000 2577.600000 2573.500000
2755.000000 2751.400000 2747.400000 2744.200000 2739.300000 2735.900000 2732.800000 2730.000000 2728.100000 2726.400000 2723.000000 2719.900000 2717.200000 2714.600000 2710.900000 2707.300000 2703.100000 2697.700000 2692.800000 2688.000000 2683.900000 2680.700000 2677.300000 2675.100000 2672.500000 2670.900000 2667.200000 2664.700000 2661.500000 2658.300000 2654.600000 2648.400000 2644.200000 2640.500000 2635.800000 2631.300000 2625.400000 2619.700000 2615.000000 2611.500000 2607.600000 2605.700000 2602.600000 2599.700000 2596.900000 2594.500000 2591.400000 2588.900000 2586.400000 2583.900000 2581.700000 2579.400000 2577.000000 2572.900000
2756.000000 2752.500000 2748.300000 2745.100000 2742.600000 2738.800000 2736.100000 2733.100000 2729.400000 2725.800000 2724.100000 2721.900000 2719.000000 2713.900000 2709.700000 2705.800000 2702.500000 2698.600000 2692.600000 2688.300000 2683.100000 2679.900000 2676.800000 2674.100000 2671.500000 2669.900000 2666.800000 2664.100000 2660.400000 2656.600000 2652.200000 2648.400000 2644.100000 2639.000000 2634.300000 2630.000000 2625.800000 2620.700000 2615.400000 2611.800000 2608.000000 2605.900000 2602.800000 2599.300000 2596.600000 2593.800000 2590.800000 2587.000000 2585.300000 2582.600000 2580.100000 2578.200000 2576.100000 2572.000000
2757.100000 2753.000000 2749.500000 2747.800000 2744.600000 2740.800000 2738.400000 2735.500000 2730.600000 2726.900000 2725.800000 2723.500000 2718.300000 2712.800000 2709.700000 2706.800000 2703.000000 2698.300000 2693.100000 2687.800000 2683.400000 2680.000000 2677.200000 2673.500000 2670.500000 2667.400000 2666.000000 2661.900000 2658.600000 2655.500000 2651.000000 2646.400000 2642.600000 2637.900000 2632.400000 2627.600000 2623.900000 2619.400000 2615.300000 2612.700000 2609.700000 2607.100000 2603.500000 2600.400000 2598.200000 2594.500000 2591.200000 2588.100000 2585.100000 2582.900000 2580.100000 2576.900000 2573.400000 2569.900000
2757.200000 2752.800000 2749.500000 2746.800000 2744.300000 2741.900000 2740.000000 2736.000000 2731.800000 2728.600000 2726.500000 2721.700000 2716.900000 2713.700000 2711.300000 2708.400000 2704.900000 2700.600000 2694.800000 2688.600000 2684.400000 2680.600000 2676.400000 2671.100000 2667.800000 2665.400000 2662.700000 2660.500000 2656.400000 2653.700000 2650.100000 2646.000000 2640.800000 2636.900000 2632.400000 2627.900000 2623.300000 2619.200000 2616.000000 2613.300000 2610.300000 2606.900000 2603.200000 2599.900000 2596.700000 2593.000000 2589.100000 2585.500000 2581.800000 2579.500000 2576.800000 2574.300000 2571.200000 2568.600000
2757.300000 2752.900000 2749.300000 2747.100000 2744.600000 2742.900000 2739.500000 2736.000000 2733.200000 2730.500000 2725.100000 2719.700000 2716.400000 2713.800000 2712.000000 2709.200000 2705.500000 2701.100000 2695.500000 2690.300000 2685.800000 2680.900000 2676.000000 2670.100000 2665.300000 2661.900000 2660.200000 2658.400000 2656.100000 2652.100000 2647.600000 2643.800000 2638.900000 2635.000000 2631.400000 2627.900000 2624.700000 2620.800000 2617.400000 2613.200000 2609.500000 2605.600000 2602.400000 2598.800000 2595.300000 2592.300000 2589.100000 2585.600000 2582.300000 2579.700000 2577.900000 2577.100000 2575.000000 2572.100000
2759.000000 2754.400000 2750.700000 2746.900000 2743.400000 2741.300000 2739.300000 2736.900000 2734.000000 2730.400000 2724.900000 2720.300000 2716.300000 2713.300000 2711.400000 2708.400000 2703.700000 2699.100000 2695.200000 2691.100000 2686.300000 2681.100000 2675.600000 2670.300000 2665.100000 2660.300000 2657.600000 2655.700000 2654.100000 2651.700000 2648.000000 2644.800000 2640.200000 2635.000000 2630.800000 2626.800000 2623.200000 2620.200000 2617.100000 2614.300000 2610.000000 2606.600000 2603.700000 2600.300000 2596.300000 2593.900000 2591.100000 2588.300000 2585.500000 2583.300000 2580.400000 2578.000000 2573.500000 2568.500000
2758.300000 2753.900000 2750.700000 2746.500000 2744.300000 2741.600000 2738.900000 2736.900000 2734.600000 2731.400000 2727.600000 2721.200000 2715.600000 2711.700000 2709.100000 2706.300000 2702.800000 2700.000000 2695.600000 2689.700000 2685.200000 2680.600000 2676.100000 2670.300000 2665.100000 2660.600000 2657.100000 2654.400000 2652.400000 2650.800000 2647.500000 2643.100000 2640.000000 2635.300000 2630.500000 2626.500000 2623.000000 2619.800000 2615.800000 2612.800000 2609.700000 2605.500000 2604.000000 2601.900000 2598.000000 2594.000000 2590.100000 2587.000000 2584.500000 2581.000000 2577.700000 2575.000000 2571.500000 2567.300000
2759.300000 2755.400000 2752.100000 2747.800000 2745.400000 2740.900000 2737.300000 2735.100000 2732.800000 2730.900000 2728.100000 2723.500000 2719.000000 2713.200000 2708.000000 2704.100000 2700.900000 2699.600000 2693.400000 2687.900000 2681.700000 2677.800000 2673.800000 2669.400000 2663.500000 2658.800000 2654.600000 2653.500000 2650.000000 2648.400000 2646.000000 2641.900000 2638.800000 2635.100000 2629.800000 2624.400000 2622.000000 2619.400000 2615.600000 2612.900000 2608.900000 2606.000000 2603.800000 2601.100000 2597.800000 2593.900000 2590.900000 2587.100000 2583.800000 2579.900000 2577.600000 2575.700000 2572.600000 2567.700000
2759.500000 2755.400000 2751.600000 2746.600000 2742.000000 2738.300000 2735.200000 2733.400000 2731.600000 2730.300000 2728.700000 2724.600000 2720.300000 2714.600000 2709.600000 2703.600000 2699.500000 2696.000000 2692.600000 2687.000000 2681.100000 2676.600000 2672.100000 2668.100000 2663.500000 2659.100000 2654.000000 2650.400000 2647.400000 2644.800000 2643.500000 2640.100000 2636.200000 2632.600000 2627.900000 2623.500000 2618.800000 2616.100000 2612.400000 2611.900000 2609.600000 2605.500000 2602.500000 2600.300000 2597.800000 2594.100000 2590.100000 2586.900000 2583.600000 2579.800000 2576.900000 2575.300000 2572.300000 2567.800000
2756.900000 2752.000000 2748.700000 2745.100000 2741.200000 2738.100000 2735.900000 2733.400000 2730.400000 2727.800000 2725.400000 2722.700000 2718.200000 2713.300000 2707.800000 2702.300000 2698.400000 2694.100000 2689.800000 2686.200000 2682.300000 2677.300000 2671.900000 2667.500000 2662.900000 2658.700000 2654.500000 2650.500000 2646.100000 2642.400000 2640.300000 2638.700000 2636.000000 2631.700000 2626.200000 2620.200000 2617.300000 2614.400000 2611.900000 2609.500000 2607.500000 2605.400000 2602.000000 2599.800000 2597.000000 2593.300000 2589.400000 2585.400000 2581.200000 2578.000000 2576.100000 2574.100000 2571.200000 2566.600000
2755.400000 2751.400000 2748.700000 2746.300000 2742.600000 2738.100000 2734.600000 2730.900000 2728.000000 2725.300000 2723.400000 2720.700000 2717.600000 2713.400000 2708.100000 2701.800000 2696.300000 2692.100000 2687.000000 2682.900000 2679.600000 2675.500000 2671.700000 2667.400000 2663.200000 2658.400000 2654.800000 2650.200000 2645.800000 2641.700000 2638.700000 2635.600000 2633.800000 2629.300000 2625.200000 2620.900000 2617.500000 2613.600000 2610.100000 2607.400000 2604.700000 2602.500000 2600.100000 2598.800000 2596.200000 2591.800000 2588.600000 2585.100000 2581.200000 2577.300000 2575.100000 2573.100000 2569.700000 2565.600000
2756.100000 2751.700000 2747.100000 2742.500000 2739.300000 2736.700000 2733.100000 2729.600000 2725.600000 2723.900000 2721.900000 2719.200000 2716.000000 2711.300000 2707.200000 2702.600000 2697.600000 2692.200000 2687.100000 2682.200000 2676.900000 2672.700000 2667.800000 2664.800000 2661.300000 2657.300000 2654.000000 2650.700000 2645.800000 2640.600000 2636.400000 2634.900000 2632.600000 2630.400000 2627.800000 2623.200000 2619.300000 2615.000000 2610.900000 2606.000000 2602.100000 2599.200000 2598.200000 2596.600000 2594.600000 2592.000000 2588.100000 2583.800000 2580.500000 2578.100000 2574.400000 2572.000000 2569.000000 2564.000000
