CALCL_Sciara/data/2006_SAVE/2006_000000000000_Morphology.stt
ncols		517
nrows		378
xllcorner	499547.500000
yllcorner	4174982.500000
cellsize	10.000000
NODATA_value	0.000000
[rows 48 to 71 of 378, columns 378 to 431 of 517]
2112.400000 2107.900000 2102.800000 2097.900000 2092.900000 2088.100000 2083.900000 2081.000000 2078.000000 2071.900000 2065.900000 2059.900000 2054.700000 2050.500000 2047.300000 2044.600000 2042.000000 2039.500000 2035.100000 2034.700000 2035.600000 2033.800000 2032.700000 2031.300000 2030.400000 2029.200000 2027.900000 2027.600000 2024.100000 2022.000000 2022.800000 2023.400000 2024.800000 2023.900000 2022.900000 2020.400000 2017.600000 2014.700000 2012.600000 2011.200000 2009.500000 2009.300000 2008.000000 2007.300000 2002.500000 2000.100000 1997.900000 1993.500000 1989.700000 1986.400000 1983.300000 1981.000000 1978.500000 1975.800000
2111.400000 2105.900000 2101.200000 2096.400000 2091.700000 2087.000000 2082.300000 2078.100000 2075.000000 2072.100000 2066.400000 2060.600000 2054.600000 2049.900000 2046.300000 2044.200000 2041.200000 2036.700000 2034.100000 2034.100000 2034.200000 2033.300000 2031.300000 2031.200000 2030.400000 2030.400000 2028.200000 2023.700000 2023.200000 2020.100000 2020.300000 2021.500000 2022.700000 2021.200000 2020.200000 2019.300000 2017.300000 2015.100000 2013.500000 2011.700000 2009.300000 2008.300000 2008.300000 2004.800000 2000.200000 1997.200000 1994.000000 1990.600000 1987.000000 1984.000000 1980.500000 1977.700000 1975.000000 1972.300000
2110.500000 2104.700000 2099.700000 2094.900000 2090.200000 2085.700000 2081.000000 2076.200000 2072.100000 2068.700000 2065.800000 2060.300000 2054.700000 2049.200000 2045.000000 2042.300000 2040.000000 2037.200000 2035.000000 2033.700000 2033.200000 2031.800000 2030.900000 2031.200000 2029.500000 2029.600000 2026.900000 2022.700000 2023.400000 2019.500000 2019.400000 2020.000000 2020.700000 2019.800000 2018.100000 2015.900000 2015.100000 2013.600000 2011.900000 2010.500000 2008.900000 2007.500000 2007.400000 2004.700000 2000.600000 1997.200000 1993.000000 1989.000000 1985.000000 1981.400000 1978.700000 1975.900000 1973.800000 1972.900000
2109.600000 2103.100000 2098.100000 2093.500000 2089.000000 2083.700000 2079.000000 2074.400000 2069.800000 2065.600000 2062.200000 2058.900000 2054.000000 2048.600000 2043.400000 2040.800000 2038.500000 2036.400000 2035.600000 2033.700000 2033.300000 2031.700000 2031.100000 2029.700000 2028.200000 2028.700000 2026.000000 2022.800000 2021.700000 2019.500000 2018.700000 2019.100000 2018.600000 2018.200000 2017.100000 2015.200000 2014.100000 2013.500000 2012.200000 2009.800000 2007.200000 2006.000000 2005.400000 2003.000000 2001.100000 1997.100000 1991.800000 1988.100000 1984.700000 1982.000000 1979.100000 1975.700000 1972.600000 1972.000000
2107.400000 2101.400000 2096.400000 2091.400000 2086.700000 2082.100000 2077.100000 2072.400000 2067.900000 2063.400000 2059.000000 2055.200000 2052.200000 2047.900000 2042.600000 2038.800000 2037.300000 2034.700000 2033.600000 2033.100000 2032.500000 2030.800000 2029.300000 2026.700000 2026.600000 2025.000000 2024.300000 2022.000000 2021.400000 2019.600000 2018.000000 2017.700000 2018.100000 2016.700000 2014.300000 2013.700000 2012.900000 2013.200000 2010.700000 2008.900000 2007.000000 2005.500000 2004.000000 2002.000000 2000.100000 1996.100000 1991.900000 1988.600000 1985.100000 1981.700000 1977.700000 1975.100000 1974.200000 1973.400000
2105.400000 2099.700000 2094.500000 2089.400000 2084.600000 2080.100000 2075.000000 2070.200000 2065.500000 2061.000000 2056.300000 2052.100000 2048.200000 2044.800000 2041.300000 2036.800000 2033.800000 2033.600000 2033.100000 2031.000000 2029.800000 2028.600000 2028.600000 2026.400000 2023.000000 2022.000000 2021.600000 2021.200000 2020.200000 2019.500000 2017.700000 2017.400000 2016.900000 2015.600000 2013.500000 2011.900000 2011.100000 2010.800000 2009.500000 2008.400000 2006.900000 2005.200000 2003.700000 2001.900000 2000.000000 1997.500000 1991.500000 1987.100000 1984.300000 1981.500000 1979.300000 1977.000000 1975.700000 1974.100000
2104.600000 2098.600000 2092.800000 2087.600000 2082.500000 2077.700000 2072.900000 2067.700000 2063.000000 2058.300000 2053.800000 2049.400000 2045.000000 2041.100000 2037.700000 2034.100000 2031.300000 2030.500000 2029.300000 2028.600000 2027.400000 2026.400000 2028.300000 2026.200000 2022.300000 2020.400000 2020.300000 2020.600000 2020.100000 2019.300000 2017.600000 2016.800000 2016.400000 2016.300000 2013.700000 2010.800000 2009.700000 2009.800000 2008.300000 2006.900000 2005.100000 2004.900000 2002.900000 2000.900000 1999.000000 1997.700000 1991.900000 1987.800000 1984.000000 1981.900000 1980.700000 1978.300000 1976.900000 1974.000000
2102.000000 2096.500000 2090.800000 2085.500000 2080.700000 2075.600000 2070.400000 2065.400000 2060.800000 2056.300000 2051.200000 2046.700000 2042.400000 2038.800000 2034.800000 2031.700000 2029.400000 2026.900000 2025.300000 2026.700000 2025.900000 2025.100000 2027.400000 2025.900000 2022.300000 2019.000000 2018.900000 2020.100000 2017.900000 2017.100000 2017.400000 2016.300000 2016.000000 2014.700000 2013.300000 2011.000000 2008.500000 2008.800000 2007.600000 2005.100000 2003.800000 2002.900000 2001.300000 1999.200000 1997.400000 1995.800000 1991.900000 1987.000000 1983.300000 1981.400000 1979.600000 1977.400000 1975.100000 1974.000000
2098.100000 2093.100000 2088.000000 2083.200000 2078.400000 2073.400000 2068.300000 2063.200000 2058.700000 2053.700000 2049.200000 2044.400000 2039.900000 2035.500000 2031.300000 2027.200000 2024.400000 2022.400000 2022.500000 2023.600000 2022.500000 2022.600000 2023.200000 2024.700000 2023.000000 2018.400000 2016.600000 2017.300000 2017.500000 2017.200000 2018.100000 2017.900000 2016.100000 2012.400000 2011.700000 2009.700000 2007.900000 2006.800000 2006.500000 2005.300000 2005.000000 2005.000000 2000.600000 1997.500000 1994.400000 1992.400000 1990.100000 1987.700000 1983.700000 1980.100000 1977.800000 1976.000000 1972.600000 1970.500000
2094.100000 2089.700000 2085.100000 2080.400000 2075.800000 2070.800000 2065.700000 2060.700000 2056.200000 2051.600000 2046.700000 2042.100000 2037.500000 2032.900000 2028.800000 2025.400000 2022.600000 2019.900000 2020.800000 2022.000000 2021.000000 2021.400000 2020.200000 2024.200000 2022.600000 2019.300000 2015.500000 2015.000000 2014.800000 2016.500000 2016.100000 2013.500000 2016.100000 2011.600000 2010.000000 2009.400000 2007.100000 2004.900000 2004.600000 2004.700000 2003.100000 2004.200000 2000.900000 1997.000000 1993.600000 1990.900000 1988.300000 1985.100000 1982.100000 1978.600000 1976.500000 1975.100000 1971.500000 1968.500000
2089.900000 2086.100000 2081.800000 2077.400000 2073.000000 2068.100000 2063.200000 2058.400000 2053.900000 2049.200000 2044.600000 2040.100000 2035.500000 2031.100000 2026.300000 2023.500000 2019.200000 2017.700000 2018.900000 2020.900000 2020.800000 2019.600000 2019.800000 2022.100000 2022.000000 2020.200000 2015.600000 2012.900000 2012.400000 2011.300000 2011.000000 2012.200000 2012.600000 2010.100000 2008.100000 2007.700000 2005.200000 2002.600000 2002.300000 2003.100000 2001.600000 2001.900000 2000.700000 1997.800000 1994.500000 1990.900000 1987.600000 1984.700000 1981.700000 1978.900000 1976.300000 1973.800000 1971.700000 1967.700000
2085.700000 2082.100000 2078.300000 2074.100000 2069.500000 2065.100000 2060.500000 2055.900000 2051.600000 2046.900000 2042.600000 2038.000000 2033.500000 2029.100000 2024.600000 2020.700000 2017.400000 2016.100000 2018.100000 2018.700000 2018.500000 2017.200000 2016.300000 2017.100000 2015.800000 2014.000000 2012.000000 2009.800000 2010.400000 2006.200000 2006.900000 2009.300000 2009.800000 2007.700000 2005.700000 2004.600000 2005.000000 2002.300000 2000.700000 2000.700000 1999.900000 1999.900000 2000.400000 1998.000000 1994.600000 1990.900000 1988.200000 1985.100000 1982.500000 1980.300000 1976.000000 1973.000000 1969.900000 1966.100000
2081.400000 2077.800000 2074.000000 2070.300000 2066.100000 2061.900000 2057.700000 2053.500000 2049.200000 2044.900000 2040.500000 2036.100000 2031.800000 2027.400000 2023.800000 2019.800000 2015.900000 2015.300000 2016.300000 2017.600000 2015.800000 2015.400000 2013.800000 2012.400000 2011.700000 2008.400000 2005.900000 2005.700000 2006.700000 2003.000000 2004.900000 2005.000000 2005.200000 2004.100000 2002.600000 2001.700000 2001.200000 1999.400000 1998.500000 1997.300000 1997.900000 1998.300000 1996.800000 1996.200000 1994.200000 1991.600000 1988.900000 1986.400000 1983.900000 1980.300000 1974.700000 1970.800000 1967.600000 1964.500000
2077.100000 2073.500000 2069.800000 2066.300000 2062.200000 2058.300000 2054.400000 2050.700000 2046.800000 2042.600000 2038.300000 2034.200000 2030.000000 2025.800000 2022.400000 2019.600000 2015.400000 2015.200000 2014.800000 2016.100000 2014.600000 2013.000000 2012.100000 2009.800000 2008.400000 2005.300000 2004.100000 2003.700000 2003.900000 2001.500000 2003.100000 2003.000000 2004.100000 2001.800000 2000.900000 1999.300000 1998.000000 1997.800000 1995.500000 1994.700000 1993.900000 1995.200000 1994.200000 1992.000000 1991.000000 1989.400000 1987.800000 1985.800000 1983.300000 1979.100000 1974.500000 1970.700000 1967.000000 1963.900000
2072.600000 2069.000000 2065.500000 2061.900000 2058.200000 2054.600000 2050.900000 2047.500000 2043.800000 2039.800000 2036.200000 2032.200000 2028.300000 2024.700000 2021.500000 2018.800000 2015.800000 2014.100000 2013.800000 2013.100000 2012.700000 2013.300000 2011.600000 2008.400000 2006.400000 2005.400000 2002.300000 2002.200000 2002.100000 2000.900000 2001.800000 2001.400000 2001.500000 1999.600000 1999.800000 1999.500000 1997.900000 1996.400000 1993.800000 1991.300000 1989.800000 1991.500000 1991.200000 1990.200000 1988.100000 1986.100000 1985.000000 1983.300000 1980.600000 1977.900000 1973.400000 1969.400000 1966.400000 1963.100000
2067.900000 2064.400000 2061.100000 2057.600000 2054.100000 2050.800000 2047.400000 2044.100000 2040.400000 2037.000000 2033.700000 2030.200000 2026.800000 2023.700000 2020.700000 2018.200000 2016.000000 2013.900000 2012.400000 2012.500000 2011.600000 2010.900000 2010.400000 2007.500000 2004.300000 2006.000000 2003.200000 2001.000000 2000.200000 1999.500000 1999.200000 1999.700000 2000.000000 1998.300000 1998.500000 1999.200000 1998.400000 1996.100000 1991.200000 1989.200000 1986.100000 1986.200000 1987.400000 1987.200000 1985.300000 1984.100000 1981.900000 1980.300000 1978.500000 1975.600000 1972.800000 1969.900000 1966.000000 1961.900000
2063.100000 2059.800000 2056.500000 2053.400000 2049.900000 2046.700000 2043.600000 2040.300000 2037.100000 2033.900000 2030.700000 2027.900000 2025.200000 2022.500000 2019.800000 2017.600000 2015.600000 2014.200000 2012.800000 2010.600000 2009.400000 2007.700000 2006.600000 2006.400000 2003.100000 2004.500000 2001.200000 2000.400000 2000.100000 1999.400000 1998.700000 1997.900000 1997.600000 1996.600000 1998.200000 1997.600000 1998.100000 1997.000000 1990.900000 1987.900000 1985.700000 1983.500000 1982.300000 1981.900000 1981.800000 1980.200000 1979.200000 1977.200000 1976.100000 1974.500000 1971.200000 1969.200000 1965.500000 1960.000000
2058.900000 2055.700000 2052.500000 2049.700000 2046.100000 2042.900000 2039.600000 2036.700000 2033.700000 2030.600000 2027.700000 2025.200000 2023.200000 2021.200000 2019.400000 2017.400000 2015.400000 2014.200000 2012.500000 2010.700000 2009.100000 2006.000000 2005.000000 2004.900000 2003.900000 2002.500000 2000.900000 1999.800000 1999.400000 1997.700000 1997.400000 1997.200000 1995.600000 1994.400000 1995.300000 1995.200000 1993.800000 1994.300000 1989.500000 1985.500000 1984.800000 1983.500000 1979.200000 1977.600000 1978.600000 1975.800000 1974.000000 1974.900000 1972.900000 1972.000000 1969.200000 1967.500000 1965.200000 1961.300000
2054.600000 2051.700000 2048.500000 2045.300000 2042.300000 2038.900000 2035.800000 2033.000000 2030.100000 2027.300000 2024.900000 2022.600000 2020.700000 2019.600000 2017.900000 2016.200000 2014.800000 2013.300000 2011.500000 2010.000000 2007.900000 2004.700000 2003.700000 2003.000000 2002.800000 2000.900000 2001.300000 1998.900000 1997.000000 1997.200000 1996.800000 1995.300000 1993.300000 1992.700000 1990.500000 1989.300000 1988.900000 1988.400000 1986.200000 1983.900000 1982.600000 1983.200000 1980.300000 1975.500000 1974.500000 1972.300000 1970.200000 1972.000000 1970.900000 1969.300000 1969.100000 1965.200000 1963.100000 1959.300000
2051.100000 2048.100000 2044.900000 2041.700000 2038.500000 2035.200000 2032.000000 2029.000000 2026.600000 2024.400000 2022.000000 2020.000000 2018.500000 2017.400000 2016.200000 2014.700000 2013.600000 2011.600000 2010.300000 2008.900000 2005.600000 2003.100000 2002.900000 2001.600000 2002.200000 2001.700000 1999.200000 1998.600000 1995.500000 1994.900000 1995.900000 1993.500000 1991.300000 1988.600000 1986.000000 1986.000000 1986.500000 1985.800000 1984.400000 1981.800000 1979.200000 1981.000000 1979.800000 1975.200000 1971.000000 1970.300000 1967.900000 1966.900000 1967.900000 1967.700000 1967.000000 1963.600000 1959.500000 1955.900000
2048.400000 2045.500000 2041.800000 2038.400000 2034.900000 2031.500000 2028.200000 2025.300000 2023.100000 2021.200000 2019.400000 2017.700000 2016.500000 2016.000000 2015.000000 2013.800000 2012.400000 2010.700000 2009.200000 2007.200000 2004.400000 2002.300000 2001.600000 2000.300000 1999.900000 1999.800000 1996.900000 1996.700000 1993.900000 1993.300000 1993.900000 1991.500000 1988.600000 1986.500000 1984.500000 1983.000000 1982.700000 1984.200000 1982.800000 1981.200000 1977.600000 1977.800000 1976.800000 1975.100000 1969.600000 1967.600000 1967.200000 1964.500000 1962.000000 1963.700000 1960.900000 1960.000000 1957.800000 1954.700000
2044.100000 2042.600000 2039.400000 2035.300000 2031.600000 2028.400000 2024.600000 2021.500000 2019.100000 2017.900000 2016.500000 2015.400000 2014.400000 2014.600000 2013.700000 2012.800000 2011.600000 2009.800000 2008.500000 2006.000000 2003.500000 2001.500000 2000.000000 1999.700000 1998.800000 1998.700000 1995.300000 1994.700000 1992.600000 1991.700000 1991.000000 1988.100000 1986.600000 1984.800000 1982.300000 1980.700000 1980.300000 1978.500000 1980.200000 1979.400000 1977.200000 1975.400000 1974.400000 1970.800000 1965.900000 1964.000000 1963.500000 1962.200000 1959.600000 1958.400000 1958.000000 1955.400000 1954.500000 1952.000000
2039.300000 2037.500000 2035.400000 2032.400000 2028.600000 2024.800000 2020.900000 2017.700000 2015.300000 2013.700000 2012.100000 2011.900000 2011.900000 2011.900000 2011.300000 2011.200000 2009.300000 2008.400000 2008.300000 2006.600000 2004.800000 2002.300000 2000.700000 1998.600000 1997.400000 1997.400000 1995.900000 1993.100000 1992.000000 1989.600000 1988.900000 1986.400000 1984.900000 1983.300000 1981.300000 1978.700000 1978.200000 1973.800000 1975.800000 1977.500000 1975.100000 1973.600000 1972.700000 1969.600000 1963.600000 1960.500000 1960.200000 1959.100000 1956.600000 1955.200000 1953.600000 1951.500000 1948.900000 1949.600000
2036.500000 2032.900000 2030.200000 2027.800000 2025.100000 2021.500000 2017.700000 2014.400000 2011.700000 2009.700000 2007.800000 2007.600000 2008.100000 2008.300000 2009.100000 2008.000000 2006.700000 2006.200000 2006.000000 2005.400000 2004.600000 2003.500000 2000.700000 1998.000000 1995.500000 1993.300000 1991.800000 1991.400000 1990.000000 1988.000000 1986.800000 1984.500000 1982.700000 1980.500000 1980.000000 1977.400000 1974.800000 1971.000000 1972.300000 1973.200000 1973.000000 1970.700000 1970.100000 1967.600000 1963.200000 1958.700000 1956.400000 1955.800000 1954.200000 1952.500000 1948.800000 1947.200000 1945.600000 1944.800000
