OpenCAL-OMP/examples/sciara-fv2/data/2006_SAVE/2006_000000000000_Morphology.stt
ncols		517
nrows		378
xllcorner	499547.500000
yllcorner	4174982.500000
cellsize	10.000000
NODATA_value	0.000000
[rows 198 to 219 of 378, columns 336 to 383 of 517]
1906.600000000 1907.000000000 1906.400000000 1904.500000000 1903.500000000 1900.400000000 1893.900000000 1886.900000000 1885.700000000 1884.100000000 1884.200000000 1883.000000000 1882.000000000 1879.900000000 1878.000000000 1876.200000000 1873.500000000 1871.000000000 1869.400000000 1868.100000000 1866.300000000 1864.500000000 1863.500000000 1861.800000000 1864.000000000 1864.700000000 1863.700000000 1862.700000000 1862.900000000 1861.300000000 1860.900000000 1861.800000000 1862.200000000 1861.500000000 1859.300000000 1860.500000000 1860.800000000 1861.200000000 1860.500000000 1860.400000000 1859.500000000 1858.900000000 1857.700000000 1855.800000000 1857.900000000 1856.800000000 1854.300000000 1850.600000000
1907.200000000 1908.000000000 1907.600000000 1905.900000000 1902.200000000 1897.500000000 1890.700000000 1887.100000000 1885.300000000 1884.100000000 1885.300000000 1884.400000000 1883.200000000 1880.000000000 1878.200000000 1872.500000000 1868.200000000 1866.800000000 1865.500000000 1863.600000000 1862.400000000 1861.300000000 1860.400000000 1861.500000000 1862.500000000 1862.200000000 1860.000000000 1859.300000000 1860.300000000 1858.700000000 1859.900000000 1861.200000000 1860.900000000 1860.500000000 1859.700000000 1858.600000000 1859.700000000 1859.900000000 1860.100000000 1859.000000000 1858.800000000 1859.400000000 1856.300000000 1851.300000000 1851.400000000 1850.400000000 1848.500000000 1848.500000000
1905.200000000 1905.900000000 1905.000000000 1902.700000000 1897.700000000 1892.800000000 1889.100000000 1887.700000000 1886.100000000 1885.800000000 1885.900000000 1887.000000000 1884.400000000 1879.100000000 1874.400000000 1870.700000000 1869.800000000 1868.500000000 1866.300000000 1864.400000000 1862.600000000 1861.500000000 1861.000000000 1861.200000000 1859.100000000 1855.900000000 1856.200000000 1856.700000000 1856.700000000 1858.900000000 1860.200000000 1860.700000000 1860.600000000 1860.800000000 1859.200000000 1858.700000000 1858.500000000 1859.200000000 1858.900000000 1858.500000000 1857.600000000 1856.700000000 1854.400000000 1852.900000000 1851.100000000 1847.900000000 1845.700000000 1843.700000000
1902.800000000 1899.100000000 1898.700000000 1896.100000000 1892.400000000 1891.000000000 1889.800000000 1888.300000000 1887.900000000 1888.000000000 1888.200000000 1888.300000000 1882.600000000 1878.700000000 1875.500000000 1873.900000000 1871.400000000 1869.800000000 1867.100000000 1863.300000000 1861.600000000 1859.900000000 1859.600000000 1860.500000000 1859.600000000 1857.300000000 1855.900000000 1856.600000000 1857.600000000 1857.900000000 1859.100000000 1860.300000000 1859.900000000 1860.000000000 1858.900000000 1858.500000000 1858.000000000 1858.400000000 1858.200000000 1857.900000000 1857.000000000 1855.900000000 1854.200000000 1852.000000000 1848.800000000 1848.300000000 1847.000000000 1842.200000000
1897.300000000 1895.700000000 1894.500000000 1894.200000000 1893.200000000 1891.800000000 1891.000000000 1890.600000000 1889.400000000 1889.600000000 1888.800000000 1886.400000000 1883.200000000 1880.100000000 1877.600000000 1875.300000000 1872.500000000 1869.900000000 1867.300000000 1864.200000000 1862.000000000 1859.100000000 1856.500000000 1855.400000000 1855.100000000 1855.800000000 1855.500000000 1856.100000000 1857.600000000 1857.600000000 1857.700000000 1859.000000000 1859.800000000 1858.400000000 1858.900000000 1857.700000000 1857.400000000 1857.600000000 1858.000000000 1857.400000000 1856.500000000 1855.800000000 1853.700000000 1852.100000000 1851.100000000 1848.500000000 1845.500000000 1844.000000000
1897.500000000 1896.400000000 1894.600000000 1894.400000000 1894.100000000 1893.300000000 1891.300000000 1890.400000000 1889.800000000 1887.400000000 1885.200000000 1883.800000000 1881.700000000 1879.400000000 1877.800000000 1875.800000000 1873.000000000 1869.700000000 1867.300000000 1864.900000000 1861.800000000 1860.100000000 1860.300000000 1858.900000000 1856.300000000 1853.300000000 1853.300000000 1855.000000000 1857.100000000 1857.400000000 1856.800000000 1856.400000000 1857.300000000 1856.900000000 1856.700000000 1857.400000000 1857.000000000 1856.700000000 1856.000000000 1855.400000000 1852.700000000 1851.300000000 1849.600000000 1848.900000000 1850.000000000 1848.000000000 1845.300000000 1843.800000000
1900.700000000 1899.400000000 1897.700000000 1895.700000000 1894.900000000 1894.500000000 1892.700000000 1888.600000000 1884.900000000 1882.500000000 1882.000000000 1881.700000000 1880.600000000 1878.700000000 1877.100000000 1875.300000000 1872.500000000 1869.700000000 1866.000000000 1863.600000000 1861.300000000 1859.400000000 1857.900000000 1857.000000000 1856.800000000 1854.900000000 1853.900000000 1855.300000000 1856.700000000 1856.900000000 1856.700000000 1856.000000000 1854.900000000 1854.000000000 1855.300000000 1856.600000000 1856.400000000 1855.700000000 1855.200000000 1855.000000000 1851.600000000 1847.900000000 1846.000000000 1846.400000000 1847.500000000 1845.700000000 1845.200000000 1843.300000000
1902.100000000 1900.200000000 1899.300000000 1897.900000000 1895.600000000 1893.600000000 1888.200000000 1883.200000000 1879.600000000 1880.100000000 1879.800000000 1880.200000000 1879.600000000 1877.800000000 1875.900000000 1874.500000000 1871.800000000 1869.800000000 1867.000000000 1863.500000000 1862.100000000 1860.800000000 1858.400000000 1855.200000000 1851.700000000 1851.300000000 1851.900000000 1854.700000000 1855.900000000 1856.500000000 1856.000000000 1855.900000000 1854.900000000 1853.300000000 1852.300000000 1853.500000000 1854.400000000 1854.700000000 1854.300000000 1853.800000000 1850.600000000 1848.000000000 1845.500000000 1844.600000000 1845.400000000 1844.700000000 1844.400000000 1842.100000000
1900.200000000 1899.600000000 1898.500000000 1895.500000000 1894.600000000 1894.100000000 1890.800000000 1885.800000000 1882.800000000 1880.200000000 1879.000000000 1879.900000000 1879.400000000 1876.800000000 1871.600000000 1870.100000000 1868.000000000 1866.600000000 1863.800000000 1861.800000000 1861.600000000 1860.600000000 1858.400000000 1855.200000000 1852.200000000 1849.700000000 1850.800000000 1853.000000000 1854.200000000 1854.700000000 1854.900000000 1854.000000000 1853.600000000 1852.600000000 1852.400000000 1850.300000000 1851.900000000 1853.900000000 1853.300000000 1851.400000000 1849.000000000 1846.200000000 1843.900000000 1843.100000000 1843.600000000 1843.600000000 1842.400000000 1841.300000000
1899.600000000 1898.200000000 1897.700000000 1897.800000000 1897.000000000 1894.300000000 1891.000000000 1887.700000000 1885.100000000 1884.000000000 1881.300000000 1877.800000000 1877.900000000 1873.800000000 1869.900000000 1867.800000000 1865.700000000 1864.900000000 1864.200000000 1862.100000000 1860.100000000 1858.900000000 1856.200000000 1852.500000000 1849.900000000 1849.700000000 1850.200000000 1850.300000000 1850.800000000 1852.600000000 1852.200000000 1850.200000000 1850.100000000 1850.900000000 1851.200000000 1849.300000000 1849.200000000 1849.500000000 1849.000000000 1848.400000000 1846.300000000 1844.300000000 1839.600000000 1839.100000000 1839.800000000 1839.300000000 1840.400000000 1840.400000000
1902.000000000 1900.400000000 1898.700000000 1897.700000000 1896.500000000 1896.100000000 1892.600000000 1887.200000000 1884.600000000 1883.400000000 1880.500000000 1875.500000000 1873.000000000 1869.800000000 1869.700000000 1867.200000000 1866.000000000 1865.100000000 1863.200000000 1862.200000000 1861.200000000 1860.100000000 1856.700000000 1856.000000000 1853.700000000 1850.800000000 1847.500000000 1849.100000000 1847.500000000 1847.400000000 1846.400000000 1846.200000000 1847.500000000 1850.000000000 1849.800000000 1848.900000000 1848.700000000 1848.600000000 1847.400000000 1845.800000000 1843.600000000 1841.100000000 1837.900000000 1836.000000000 1835.600000000 1836.300000000 1837.300000000 1838.800000000
1900.900000000 1899.700000000 1898.800000000 1898.500000000 1897.000000000 1896.000000000 1892.000000000 1889.800000000 1885.700000000 1884.300000000 1881.600000000 1877.600000000 1874.400000000 1871.500000000 1870.200000000 1867.500000000 1866.900000000 1866.400000000 1864.900000000 1862.700000000 1860.500000000 1859.400000000 1857.200000000 1855.500000000 1855.300000000 1851.600000000 1847.100000000 1847.700000000 1846.700000000 1845.600000000 1845.700000000 1845.500000000 1846.300000000 1847.700000000 1847.600000000 1848.000000000 1848.500000000 1847.500000000 1846.300000000 1843.400000000 1842.900000000 1839.700000000 1837.500000000 1835.400000000 1833.200000000 1834.000000000 1835.700000000 1835.100000000
1901.800000000 1899.500000000 1897.800000000 1897.200000000 1898.200000000 1897.100000000 1894.700000000 1891.800000000 1888.300000000 1884.900000000 1881.200000000 1877.000000000 1874.000000000 1871.900000000 1871.000000000 1868.700000000 1867.800000000 1867.000000000 1864.400000000 1862.400000000 1859.300000000 1858.300000000 1856.300000000 1851.500000000 1853.800000000 1851.100000000 1846.100000000 1846.800000000 1845.900000000 1845.700000000 1845.000000000 1845.300000000 1845.000000000 1845.600000000 1846.400000000 1847.000000000 1846.800000000 1846.800000000 1842.600000000 1841.300000000 1839.200000000 1835.700000000 1834.200000000 1834.000000000 1832.400000000 1831.400000000 1831.200000000 1831.700000000
1900.400000000 1898.500000000 1896.800000000 1896.000000000 1896.400000000 1896.000000000 1894.900000000 1893.300000000 1890.200000000 1884.800000000 1881.500000000 1878.500000000 1876.900000000 1875.500000000 1873.600000000 1870.500000000 1867.200000000 1866.500000000 1865.000000000 1863.500000000 1860.900000000 1858.700000000 1855.400000000 1851.900000000 1849.600000000 1849.600000000 1846.700000000 1845.300000000 1845.100000000 1845.800000000 1844.300000000 1843.500000000 1843.900000000 1844.100000000 1844.100000000 1844.000000000 1843.400000000 1843.000000000 1840.800000000 1837.100000000 1834.600000000 1835.800000000 1833.000000000 1832.100000000 1831.100000000 1830.300000000 1829.300000000 1828.700000000
1900.900000000 1898.600000000 1897.900000000 1896.900000000 1896.400000000 1895.500000000 1894.100000000 1892.200000000 1889.100000000 1885.100000000 1883.000000000 1880.500000000 1878.100000000 1876.000000000 1873.900000000 1871.200000000 1868.900000000 1867.100000000 1865.000000000 1862.600000000 1860.700000000 1860.100000000 1857.400000000 1852.900000000 1850.600000000 1849.700000000 1848.500000000 1844.100000000 1843.900000000 1843.700000000 1844.000000000 1843.500000000 1843.300000000 1843.000000000 1841.700000000 1840.900000000 1839.500000000 1840.300000000 1837.700000000 1832.600000000 1831.000000000 1831.500000000 1833.300000000 1830.600000000 1829.700000000 1829.200000000 1827.700000000 1826.600000000
1901.500000000 1899.600000000 1898.300000000 1897.500000000 1896.700000000 1895.700000000 1893.200000000 1890.600000000 1888.100000000 1885.600000000 1883.500000000 1880.700000000 1878.000000000 1875.700000000 1873.900000000 1871.500000000 1869.000000000 1867.700000000 1866.300000000 1863.500000000 1859.700000000 1858.300000000 1858.100000000 1856.600000000 1852.900000000 1849.600000000 1847.600000000 1845.000000000 1840.800000000 1839.500000000 1841.600000000 1842.700000000 1841.300000000 1839.800000000 1839.000000000 1839.200000000 1837.400000000 1835.800000000 1832.400000000 1828.900000000 1827.700000000 1826.600000000 1830.000000000 1830.100000000 1828.000000000 1826.400000000 1825.900000000 1825.400000000
1902.200000000 1900.600000000 1900.100000000 1898.000000000 1895.500000000 1893.400000000 1892.200000000 1889.600000000 1886.600000000 1885.200000000 1883.300000000 1880.500000000 1876.800000000 1874.000000000 1872.500000000 1871.100000000 1870.000000000 1867.700000000 1866.700000000 1863.300000000 1859.900000000 1858.100000000 1856.900000000 1856.200000000 1852.900000000 1849.100000000 1847.400000000 1843.100000000 1840.600000000 1838.000000000 1839.800000000 1841.500000000 1840.700000000 1839.700000000 1838.500000000 1838.300000000 1836.600000000 1834.100000000 1831.400000000 1827.700000000 1825.100000000 1824.200000000 1823.700000000 1826.200000000 1827.800000000 1826.500000000 1826.100000000 1826.600000000
1904.600000000 1902.300000000 1900.100000000 1898.600000000 1895.500000000 1892.700000000 1891.400000000 1889.000000000 1887.400000000 1885.300000000 1882.500000000 1879.900000000 1877.500000000 1874.900000000 1872.800000000 1870.600000000 1869.300000000 1867.100000000 1865.000000000 1863.000000000 1858.900000000 1857.200000000 1856.500000000 1854.300000000 1852.100000000 1849.400000000 1845.600000000 1841.600000000 1840.200000000 1837.800000000 1838.600000000 1840.100000000 1838.800000000 1838.700000000 1838.400000000 1837.500000000 1836.800000000 1834.300000000 1832.200000000 1829.200000000 1826.100000000 1823.800000000 1822.600000000 1821.800000000 1823.800000000 1826.600000000 1825.000000000 1825.500000000
1905.900000000 1902.600000000 1900.200000000 1898.700000000 1896.200000000 1892.600000000 1890.200000000 1888.900000000 1887.100000000 1885.200000000 1882.700000000 1880.600000000 1878.000000000 1875.400000000 1873.500000000 1870.200000000 1867.900000000 1865.800000000 1863.700000000 1862.000000000 1859.900000000 1855.700000000 1852.700000000 1852.100000000 1850.200000000 1848.400000000 1845.500000000 1843.800000000 1841.300000000 1839.000000000 1836.300000000 1836.200000000 1837.100000000 1837.900000000 1837.800000000 1836.900000000 1835.900000000 1835.100000000 1831.000000000 1826.400000000 1826.000000000 1823.100000000 1821.800000000 1821.000000000 1821.100000000 1822.200000000 1824.900000000 1822.400000000
1904.600000000 1901.800000000 1900.000000000 1898.600000000 1896.800000000 1894.500000000 1890.700000000 1887.700000000 1886.100000000 1884.000000000 1882.200000000 1880.500000000 1878.100000000 1875.000000000 1871.900000000 1868.000000000 1865.900000000 1864.200000000 1862.000000000 1859.900000000 1857.700000000 1854.700000000 1852.400000000 1849.800000000 1849.100000000 1847.100000000 1844.600000000 1842.500000000 1840.100000000 1838.400000000 1837.000000000 1834.800000000 1835.000000000 1835.300000000 1836.300000000 1835.400000000 1835.000000000 1833.900000000 1827.600000000 1823.000000000 1823.800000000 1821.500000000 1821.700000000 1821.300000000 1822.400000000 1821.000000000 1821.500000000 1822.300000000
1903.800000000 1901.500000000 1899.500000000 1897.600000000 1896.300000000 1894.500000000 1891.600000000 1888.500000000 1885.700000000 1883.600000000 1883.000000000 1880.900000000 1877.600000000 1873.500000000 1870.200000000 1867.700000000 1865.700000000 1861.800000000 1858.800000000 1857.700000000 1856.000000000 1853.100000000 1851.300000000 1849.100000000 1846.000000000 1845.000000000 1842.600000000 1839.200000000 1838.400000000 1836.000000000 1833.600000000 1833.700000000 1832.100000000 1831.600000000 1832.800000000 1833.800000000 1833.900000000 1830.400000000 1828.200000000 1823.100000000 1821.500000000 1820.500000000 1820.800000000 1820.800000000 1822.000000000 1821.100000000 1817.000000000 1818.200000000
1904.700000000 1901.400000000 1899.500000000 1897.800000000 1895.800000000 1894.300000000 1892.100000000 1888.600000000 1885.600000000 1884.200000000 1883.300000000 1880.500000000 1876.400000000 1872.300000000 1869.100000000 1866.600000000 1864.500000000 1861.400000000 1857.700000000 1856.400000000 1854.200000000 1851.600000000 1849.500000000 1846.800000000 1845.500000000 1843.100000000 1839.500000000 1835.800000000 1837.000000000 1835.100000000 1833.100000000 1832.100000000 1830.100000000 1828.600000000 1829.800000000 1832.100000000 1831.300000000 1828.900000000 1827.700000000 1823.800000000 1821.700000000 1819.900000000 1819.900000000 1819.500000000 1820.900000000 1820.800000000 1816.900000000 1814.100000000
