OpenCAL-OMP/examples/sciara-fv2/data/2006_SAVE/2006_000000000000_Morphology.stt
ncols		517
nrows		378
xllcorner	499547.500000
yllcorner	4174982.500000
cellsize	10.000000
NODATA_value	0.000000
[rows 264 to 285 of 378, columns 48 to 95 of 517]
2898.200000000 2891.900000000 2890.000000000 2893.600000000 2898.500000000 2903.900000000 2912.700000000 2922.400000000 2930.300000000 2931.900000000 2926.700000000 2920.100000000 2913.800000000 2907.500000000 2901.100000000 2894.400000000 2887.700000000 2881.000000000 2874.600000000 2867.900000000 2861.200000000 2854.700000000 2848.200000000 2841.800000000 2835.700000000 2829.400000000 2824.700000000 2821.700000000 2819.300000000 2817.400000000 2815.700000000 2813.500000000 2811.500000000 2809.800000000 2809.100000000 2808.200000000 2807.500000000 2806.200000000 2805.700000000 2805.000000000 2804.200000000 2802.900000000 2802.000000000 2800.800000000 2798.900000000 2797.500000000 2795.600000000 2793.600000000
2897.600000000 2891.000000000 2888.800000000 2893.000000000 2898.200000000 2904.000000000 2911.500000000 2921.900000000 2929.800000000 2930.000000000 2924.800000000 2918.400000000 2912.200000000 2905.900000000 2899.300000000 2892.900000000 2886.500000000 2879.500000000 2873.400000000 2866.800000000 2860.200000000 2854.100000000 2847.500000000 2841.200000000 2835.000000000 2828.800000000 2823.700000000 2820.200000000 2818.100000000 2816.200000000 2814.200000000 2812.100000000 2809.800000000 2808.100000000 2807.200000000 2806.100000000 2805.600000000 2804.700000000 2803.700000000 2802.600000000 2802.000000000 2801.100000000 2800.700000000 2799.400000000 2798.200000000 2796.400000000 2794.700000000 2792.500000000
2898.000000000 2892.900000000 2891.400000000 2894.800000000 2899.500000000 2905.800000000 2912.700000000 2922.400000000 2930.100000000 2927.400000000 2922.100000000 2915.700000000 2909.700000000 2903.500000000 2897.500000000 2891.100000000 2885.100000000 2878.400000000 2872.300000000 2866.100000000 2858.800000000 2852.800000000 2846.700000000 2840.300000000 2834.200000000 2828.300000000 2822.400000000 2819.500000000 2816.900000000 2814.600000000 2812.900000000 2810.500000000 2808.200000000 2806.200000000 2805.000000000 2804.000000000 2803.300000000 2802.100000000 2801.700000000 2800.900000000 2799.900000000 2799.700000000 2799.400000000 2797.900000000 2796.600000000 2795.100000000 2793.000000000 2791.100000000
2902.900000000 2898.000000000 2895.800000000 2898.200000000 2902.800000000 2908.100000000 2914.600000000 2922.500000000 2929.300000000 2925.000000000 2919.200000000 2913.400000000 2907.300000000 2900.900000000 2895.000000000 2889.100000000 2882.900000000 2877.300000000 2870.600000000 2864.800000000 2858.000000000 2851.400000000 2845.200000000 2839.000000000 2834.200000000 2827.300000000 2821.400000000 2817.400000000 2815.300000000 2812.900000000 2811.000000000 2808.900000000 2806.700000000 2804.200000000 2802.900000000 2801.700000000 2800.800000000 2800.300000000 2799.500000000 2798.700000000 2798.300000000 2798.100000000 2797.400000000 2796.800000000 2795.200000000 2793.400000000 2792.100000000 2790.400000000
2907.900000000 2903.600000000 2901.300000000 2903.200000000 2907.100000000 2911.600000000 2916.900000000 2923.500000000 2926.900000000 2922.100000000 2916.500000000 2910.800000000 2904.600000000 2898.500000000 2892.500000000 2886.900000000 2880.600000000 2874.200000000 2868.100000000 2862.300000000 2855.800000000 2850.000000000 2843.700000000 2837.800000000 2832.400000000 2825.900000000 2820.400000000 2816.600000000 2813.500000000 2811.300000000 2809.300000000 2807.200000000 2804.900000000 2802.300000000 2800.500000000 2799.300000000 2798.400000000 2797.900000000 2797.300000000 2797.000000000 2797.000000000 2796.500000000 2795.500000000 2794.000000000 2793.600000000 2791.800000000 2790.700000000 2788.700000000
2913.000000000 2909.400000000 2908.200000000 2909.300000000 2912.100000000 2916.100000000 2920.500000000 2925.400000000 2923.300000000 2918.300000000 2913.100000000 2907.800000000 2901.600000000 2895.500000000 2889.500000000 2883.800000000 2877.800000000 2871.700000000 2865.600000000 2860.300000000 2853.900000000 2848.100000000 2842.100000000 2836.100000000 2830.300000000 2824.300000000 2818.900000000 2814.400000000 2811.500000000 2809.400000000 2807.000000000 2805.400000000 2803.200000000 2800.600000000 2798.600000000 2797.100000000 2796.300000000 2795.600000000 2794.900000000 2794.800000000 2794.600000000 2793.900000000 2793.000000000 2791.300000000 2790.500000000 2790.100000000 2788.200000000 2786.900000000
2918.000000000 2915.400000000 2914.900000000 2915.500000000 2917.600000000 2920.500000000 2924.100000000 2923.000000000 2919.100000000 2914.500000000 2909.600000000 2904.200000000 2898.300000000 2892.000000000 2886.200000000 2880.700000000 2875.000000000 2869.100000000 2863.500000000 2857.800000000 2851.900000000 2846.100000000 2840.700000000 2834.300000000 2828.300000000 2822.700000000 2816.700000000 2812.200000000 2809.600000000 2807.700000000 2805.300000000 2803.400000000 2801.700000000 2799.000000000 2797.100000000 2795.300000000 2793.900000000 2793.400000000 2792.600000000 2792.600000000 2792.000000000 2791.300000000 2790.400000000 2789.300000000 2788.100000000 2787.300000000 2786.400000000 2784.900000000
2918.500000000 2921.100000000 2921.300000000 2917.800000000 2915.300000000 2918.900000000 2920.600000000 2917.900000000 2914.100000000 2909.800000000 2905.000000000 2899.700000000 2894.300000000 2888.400000000 2882.700000000 2877.200000000 2871.800000000 2866.300000000 2860.800000000 2855.200000000 2849.200000000 2843.600000000 2837.900000000 2832.300000000 2826.600000000 2820.700000000 2815.200000000 2810.200000000 2807.700000000 2805.700000000 2803.800000000 2801.900000000 2800.000000000 2797.700000000 2795.100000000 2793.500000000 2792.300000000 2791.200000000 2790.900000000 2789.800000000 2789.500000000 2788.500000000 2788.000000000 2786.700000000 2785.400000000 2784.400000000 2783.600000000 2782.500000000
2914.900000000 2918.500000000 2920.500000000 2917.300000000 2915.500000000 2914.200000000 2911.700000000 2909.100000000 2906.200000000 2902.600000000 2898.500000000 2894.000000000 2889.100000000 2884.000000000 2878.800000000 2873.700000000 2868.400000000 2863.200000000 2857.900000000 2852.500000000 2846.800000000 2841.100000000 2835.600000000 2829.900000000 2824.100000000 2818.500000000 2813.000000000 2808.300000000 2805.900000000 2804.000000000 2801.900000000 2800.100000000 2798.500000000 2796.400000000 2793.800000000 2791.800000000 2790.300000000 2789.300000000 2788.600000000 2788.200000000 2787.400000000 2786.400000000 2785.100000000 2783.800000000 2782.600000000 2782.200000000 2781.300000000 2780.200000000
2909.900000000 2913.600000000 2913.700000000 2913.200000000 2909.600000000 2907.200000000 2905.200000000 2902.300000000 2899.300000000 2895.900000000 2892.200000000 2888.700000000 2884.200000000 2879.500000000 2874.700000000 2869.900000000 2865.000000000 2859.900000000 2854.800000000 2849.500000000 2844.100000000 2838.600000000 2833.100000000 2827.600000000 2821.700000000 2816.200000000 2810.500000000 2806.500000000 2804.200000000 2802.600000000 2800.500000000 2798.400000000 2796.800000000 2795.000000000 2792.500000000 2790.100000000 2788.400000000 2787.200000000 2786.500000000 2785.300000000 2783.500000000 2782.700000000 2781.900000000 2780.700000000 2779.700000000 2778.800000000 2778.400000000 2778.100000000
2904.700000000 2908.100000000 2908.700000000 2907.100000000 2904.400000000 2901.500000000 2899.200000000 2896.400000000 2893.500000000 2890.300000000 2886.900000000 2883.200000000 2879.300000000 2874.900000000 2870.400000000 2866.000000000 2861.200000000 2856.500000000 2851.400000000 2846.400000000 2841.100000000 2835.900000000 2830.500000000 2825.000000000 2819.600000000 2813.900000000 2809.200000000 2805.000000000 2802.500000000 2800.700000000 2799.000000000 2796.600000000 2794.900000000 2793.400000000 2791.100000000 2788.200000000 2786.500000000 2785.300000000 2783.900000000 2783.100000000 2781.800000000 2781.400000000 2779.800000000 2778.500000000 2777.800000000 2776.700000000 2776.000000000 2776.100000000
2899.300000000 2902.300000000 2902.900000000 2901.300000000 2899.100000000 2896.300000000 2893.800000000 2891.000000000 2888.200000000 2885.100000000 2881.600000000 2878.200000000 2874.400000000 2870.300000000 2866.100000000 2861.700000000 2857.300000000 2852.500000000 2847.900000000 2843.000000000 2838.000000000 2832.900000000 2827.600000000 2822.300000000 2817.000000000 2811.900000000 2807.300000000 2802.900000000 2800.200000000 2798.700000000 2796.700000000 2794.800000000 2792.800000000 2791.100000000 2789.800000000 2786.700000000 2784.500000000 2783.200000000 2782.200000000 2781.100000000 2780.400000000 2779.500000000 2778.400000000 2777.700000000 2775.700000000 2774.900000000 2773.900000000 2774.000000000
2893.600000000 2896.100000000 2896.600000000 2895.400000000 2893.400000000 2890.900000000 2888.600000000 2885.700000000 2883.100000000 2880.200000000 2876.700000000 2873.300000000 2869.600000000 2865.700000000 2861.700000000 2857.400000000 2853.200000000 2848.800000000 2844.400000000 2839.600000000 2834.700000000 2829.800000000 2824.700000000 2819.700000000 2814.200000000 2809.800000000 2804.900000000 2801.100000000 2797.300000000 2795.800000000 2793.800000000 2792.100000000 2790.000000000 2788.500000000 2786.600000000 2784.400000000 2782.900000000 2781.500000000 2780.400000000 2779.400000000 2778.500000000 2777.900000000 2776.200000000 2775.300000000 2773.800000000 2772.900000000 2772.100000000 2771.600000000
2887.700000000 2890.100000000 2890.400000000 2889.400000000 2887.500000000 2885.300000000 2882.900000000 2880.200000000 2877.600000000 2874.700000000 2871.600000000 2868.500000000 2864.900000000 2861.100000000 2857.400000000 2853.400000000 2849.300000000 2845.000000000 2840.600000000 2836.100000000 2831.500000000 2826.600000000 2821.900000000 2816.800000000 2811.800000000 2807.300000000 2802.300000000 2798.900000000 2794.700000000 2793.100000000 2791.400000000 2789.200000000 2787.600000000 2786.200000000 2784.800000000 2782.900000000 2781.400000000 2779.900000000 2778.600000000 2777.700000000 2777.200000000 2776.300000000 2774.900000000 2773.800000000 2772.200000000 2771.000000000 2769.500000000 2768.800000000
2882.000000000 2884.100000000 2884.200000000 2883.400000000 2881.500000000 2879.500000000 2877.200000000 2874.600000000 2872.000000000 2869.400000000 2866.200000000 2863.100000000 2860.000000000 2856.600000000 2852.900000000 2849.000000000 2845.100000000 2841.000000000 2836.800000000 2832.400000000 2827.900000000 2823.200000000 2818.700000000 2813.600000000 2808.800000000 2804.500000000 2800.000000000 2796.500000000 2792.500000000 2790.600000000 2788.600000000 2786.500000000 2784.800000000 2784.000000000 2782.900000000 2781.700000000 2779.800000000 2778.200000000 2777.100000000 2776.200000000 2775.700000000 2774.800000000 2773.100000000 2772.800000000 2770.700000000 2769.300000000 2767.700000000 2767.100000000
2877.100000000 2877.800000000 2877.900000000 2877.500000000 2875.900000000 2873.600000000 2871.300000000 2868.900000000 2866.400000000 2863.700000000 2860.800000000 2857.800000000 2854.800000000 2851.400000000 2848.000000000 2844.500000000 2840.400000000 2836.800000000 2832.800000000 2828.400000000 2824.000000000 2819.700000000 2815.100000000 2810.200000000 2805.800000000 2801.700000000 2797.800000000 2794.100000000 2789.900000000 2787.800000000 2785.500000000 2783.700000000 2782.600000000 2781.600000000 2780.700000000 2779.900000000 2778.100000000 2776.200000000 2775.500000000 2774.700000000 2774.200000000 2773.000000000 2771.800000000 2770.700000000 2769.300000000 2767.600000000 2765.600000000 2764.800000000
2871.100000000 2870.800000000 2871.500000000 2871.100000000 2869.700000000 2867.800000000 2865.800000000 2863.300000000 2860.800000000 2858.300000000 2855.500000000 2852.600000000 2849.600000000 2846.500000000 2843.200000000 2839.700000000 2836.200000000 2832.400000000 2828.300000000 2824.300000000 2820.100000000 2816.000000000 2811.100000000 2806.900000000 2802.700000000 2798.600000000 2795.100000000 2791.400000000 2787.600000000 2785.300000000 2783.000000000 2781.100000000 2780.400000000 2779.700000000 2778.700000000 2777.500000000 2776.100000000 2774.700000000 2773.500000000 2773.000000000 2772.100000000 2771.200000000 2770.000000000 2768.800000000 2767.800000000 2766.100000000 2764.000000000 2762.700000000
2864.400000000 2864.300000000 2864.700000000 2864.300000000 2863.500000000 2861.700000000 2859.900000000 2857.500000000 2855.400000000 2853.000000000 2850.200000000 2847.400000000 2844.500000000 2841.400000000 2838.000000000 2834.800000000 2831.400000000 2827.800000000 2823.900000000 2820.200000000 2816.500000000 2812.000000000 2807.200000000 2803.000000000 2799.700000000 2796.000000000 2792.200000000 2788.800000000 2785.800000000 2783.300000000 2780.700000000 2778.700000000 2778.000000000 2777.500000000 2776.500000000 2775.700000000 2774.000000000 2772.100000000 2771.000000000 2770.800000000 2769.800000000 2768.800000000 2768.000000000 2767.100000000 2765.800000000 2764.200000000 2761.700000000 2760.700000000
2857.800000000 2858.000000000 2858.400000000 2858.200000000 2857.000000000 2855.400000000 2853.800000000 2851.800000000 2849.500000000 2847.300000000 2844.800000000 2842.200000000 2839.300000000 2836.300000000 2833.200000000 2829.900000000 2826.400000000 2822.900000000 2819.200000000 2815.800000000 2812.200000000 2807.700000000 2803.500000000 2799.400000000 2795.800000000 2793.000000000 2788.900000000 2786.200000000 2784.100000000 2781.500000000 2778.700000000 2776.800000000 2775.700000000 2775.200000000 2774.700000000 2773.700000000 2772.800000000 2771.000000000 2769.000000000 2768.100000000 2767.900000000 2767.000000000 2766.200000000 2765.200000000 2764.400000000 2762.900000000 2760.500000000 2759.000000000
2851.400000000 2851.600000000 2852.000000000 2851.800000000 2850.700000000 2849.400000000 2847.700000000 2845.900000000 2844.100000000 2841.700000000 2839.300000000 2836.900000000 2834.100000000 2831.000000000 2828.100000000 2825.000000000 2821.500000000 2818.200000000 2814.600000000 2811.400000000 2807.500000000 2803.300000000 2799.400000000 2795.600000000 2792.500000000 2789.800000000 2786.000000000 2784.300000000 2782.300000000 2780.100000000 2777.300000000 2774.700000000 2773.800000000 2773.500000000 2773.100000000 2772.200000000 2771.200000000 2769.400000000 2767.400000000 2766.400000000 2765.600000000 2764.900000000 2764.400000000 2763.800000000 2762.900000000 2761.200000000 2758.900000000 2757.500000000
2844.800000000 2845.200000000 2845.400000000 2845.200000000 2844.400000000 2843.200000000 2841.600000000 2840.100000000 2838.100000000 2836.100000000 2833.700000000 2831.200000000 2828.600000000 2825.800000000 2823.000000000 2820.000000000 2816.700000000 2813.400000000 2809.900000000 2806.700000000 2802.800000000 2799.200000000 2795.600000000 2791.900000000 2789.500000000 2786.500000000 2784.100000000 2782.400000000 2780.500000000 2778.100000000 2775.700000000 2773.500000000 2772.400000000 2771.600000000 2771.100000000 2770.500000000 2769.600000000 2768.100000000 2765.800000000 2764.600000000 2763.900000000 2763.000000000 2762.600000000 2762.700000000 2761.400000000 2759.900000000 2758.100000000 2756.200000000
2838.400000000 2838.700000000 2838.800000000 2839.000000000 2838.200000000 2836.900000000 2835.700000000 2834.200000000 2832.400000000 2830.500000000 2828.100000000 2825.500000000 2823.300000000 2820.500000000 2817.700000000 2814.800000000 2811.700000000 2808.700000000 2805.700000000 2802.600000000 2798.900000000 2795.100000000 2791.600000000 2788.900000000 2786.200000000 2783.900000000 2782.700000000 2780.900000000 2778.600000000 2776.300000000 2774.000000000 2772.100000000 2770.800000000 2769.800000000 2769.000000000 2768.500000000 2767.500000000 2766.300000000 2765.000000000 2762.900000000 2761.600000000 2761.100000000 2760.800000000 2760.400000000 2759.700000000 2758.800000000 2757.200000000 2755.000000000
