OpenCAL-OMP/examples/sciara-fv2/data/2006_SAVE/2006_000000000000_Morphology.stt
ncols		517
nrows		378
xllcorner	499547.500000
yllcorner	4174982.500000
cellsize	10.000000
NODATA_value	0.000000
[rows 352 to 373 of 378, columns 96 to 143 of 517]
2650.600000000 2650.000000000 2651.000000000 2650.400000000 2650.100000000 2648.100000000 2646.900000000 2645.700000000 2644.600000000 2644.800000000 2644.500000000 2644.800000000 2645.300000000 2644.800000000 2644.400000000 2643.700000000 2642.600000000 2641.900000000 2640.800000000 2640.200000000 2637.200000000 2634.800000000 2631.900000000 2630.200000000 2628.600000000 2627.500000000 2626.800000000 2627.200000000 2627.600000000 2625.100000000 2626.100000000 2621.300000000 2618.200000000 2614.200000000 2611.300000000 2607.800000000 2603.000000000 2597.300000000 2591.600000000 2578.500000000 2560.300000000 2548.000000000 2532.700000000 2523.300000000 2515.200000000 2508.100000000 2502.300000000 2497.200000000
2648.900000000 2648.200000000 2649.600000000 2649.700000000 2649.100000000 2647.000000000 2645.700000000 2644.500000000 2643.400000000 2643.000000000 2642.600000000 2643.100000000 2643.400000000 2643.400000000 2643.200000000 2642.500000000 2642.200000000 2640.900000000 2639.800000000 2639.000000000 2637.000000000 2633.600000000 2631.000000000 2628.700000000 2627.200000000 2625.800000000 2625.800000000 2625.700000000 2626.500000000 2624.900000000 2621.400000000 2614.400000000 2609.300000000 2608.000000000 2601.700000000 2598.300000000 2597.800000000 2595.300000000 2591.500000000 2579.900000000 2567.500000000 2554.700000000 2548.400000000 2531.300000000 2524.400000000 2505.500000000 2498.300000000 2492.200000000
2647.800000000 2646.600000000 2648.300000000 2648.600000000 2648.200000000 2645.600000000 2644.400000000 2643.300000000 2642.300000000 2641.800000000 2641.900000000 2641.900000000 2641.700000000 2641.800000000 2641.600000000 2641.100000000 2640.800000000 2639.700000000 2638.500000000 2636.900000000 2635.300000000 2633.100000000 2630.500000000 2627.700000000 2625.200000000 2624.200000000 2624.100000000 2624.200000000 2624.400000000 2622.800000000 2616.100000000 2606.900000000 2600.400000000 2595.700000000 2592.500000000 2591.600000000 2591.400000000 2592.100000000 2587.900000000 2580.900000000 2573.100000000 2565.200000000 2559.300000000 2548.700000000 2525.200000000 2505.900000000 2496.000000000 2489.000000000
2647.500000000 2646.000000000 2647.400000000 2647.600000000 2647.600000000 2645.300000000 2643.200000000 2642.600000000 2641.500000000 2640.800000000 2640.600000000 2640.800000000 2640.800000000 2640.700000000 2640.600000000 2640.200000000 2639.400000000 2638.600000000 2637.100000000 2635.400000000 2634.000000000 2632.700000000 2630.400000000 2627.900000000 2625.100000000 2623.400000000 2622.000000000 2621.700000000 2622.600000000 2621.200000000 2611.800000000 2601.200000000 2592.000000000 2587.600000000 2586.400000000 2583.600000000 2581.200000000 2583.300000000 2576.100000000 2574.500000000 2569.900000000 2571.100000000 2564.300000000 2549.400000000 2530.900000000 2507.200000000 2497.300000000 2490.100000000
2647.500000000 2646.000000000 2646.000000000 2646.200000000 2646.400000000 2645.100000000 2643.600000000 2642.000000000 2641.000000000 2639.700000000 2639.500000000 2639.900000000 2640.100000000 2640.100000000 2639.600000000 2638.700000000 2638.200000000 2637.300000000 2635.800000000 2634.100000000 2632.800000000 2631.700000000 2631.500000000 2628.700000000 2625.100000000 2622.400000000 2620.700000000 2619.900000000 2620.200000000 2617.400000000 2608.800000000 2597.200000000 2588.700000000 2581.600000000 2577.600000000 2576.000000000 2573.900000000 2575.700000000 2571.500000000 2565.200000000 2559.700000000 2566.200000000 2564.600000000 2549.600000000 2542.700000000 2520.600000000 2498.600000000 2487.900000000
2647.000000000 2646.400000000 2645.300000000 2645.600000000 2645.300000000 2644.200000000 2642.700000000 2641.500000000 2640.100000000 2638.700000000 2638.600000000 2638.900000000 2639.000000000 2638.900000000 2638.500000000 2637.800000000 2636.800000000 2636.000000000 2634.800000000 2633.100000000 2631.600000000 2631.000000000 2630.600000000 2629.300000000 2624.400000000 2621.300000000 2618.800000000 2618.300000000 2618.400000000 2616.100000000 2606.300000000 2596.500000000 2588.800000000 2578.800000000 2571.400000000 2568.100000000 2565.100000000 2568.100000000 2564.200000000 2554.500000000 2552.000000000 2554.900000000 2565.400000000 2554.500000000 2547.500000000 2539.500000000 2494.100000000 2484.500000000
2645.700000000 2645.600000000 2645.000000000 2644.800000000 2644.500000000 2643.800000000 2642.100000000 2640.800000000 2639.600000000 2638.000000000 2637.900000000 2638.000000000 2638.000000000 2638.100000000 2637.500000000 2636.700000000 2636.100000000 2635.000000000 2633.800000000 2631.700000000 2631.000000000 2629.700000000 2628.800000000 2626.500000000 2623.200000000 2620.100000000 2617.500000000 2616.400000000 2616.900000000 2614.900000000 2605.600000000 2594.000000000 2584.400000000 2575.100000000 2567.200000000 2560.800000000 2557.100000000 2555.800000000 2554.800000000 2547.900000000 2543.900000000 2548.300000000 2560.200000000 2549.200000000 2546.200000000 2539.200000000 2498.000000000 2484.900000000
2645.600000000 2645.100000000 2644.300000000 2644.400000000 2644.100000000 2643.700000000 2641.700000000 2640.200000000 2639.100000000 2637.800000000 2637.400000000 2637.400000000 2637.200000000 2637.200000000 2636.300000000 2635.900000000 2635.300000000 2634.000000000 2632.500000000 2630.500000000 2629.500000000 2627.900000000 2627.100000000 2624.100000000 2621.800000000 2618.700000000 2615.400000000 2613.700000000 2614.000000000 2612.100000000 2603.000000000 2594.800000000 2583.900000000 2576.100000000 2566.300000000 2557.200000000 2551.000000000 2547.500000000 2548.900000000 2541.900000000 2536.000000000 2543.900000000 2546.900000000 2540.700000000 2530.400000000 2515.100000000 2488.700000000 2483.700000000
2647.900000000 2646.400000000 2644.300000000 2643.800000000 2643.600000000 2642.700000000 2642.000000000 2640.300000000 2639.300000000 2638.500000000 2638.500000000 2637.200000000 2636.400000000 2635.700000000 2635.000000000 2634.300000000 2633.400000000 2633.000000000 2630.400000000 2628.800000000 2628.100000000 2626.600000000 2624.800000000 2621.600000000 2619.000000000 2616.500000000 2613.500000000 2611.700000000 2610.400000000 2611.200000000 2601.900000000 2594.500000000 2583.400000000 2576.300000000 2567.900000000 2555.400000000 2546.100000000 2539.900000000 2540.000000000 2531.000000000 2528.800000000 2540.800000000 2536.000000000 2531.500000000 2505.500000000 2489.600000000 2482.500000000 2477.000000000
2651.000000000 2648.200000000 2646.100000000 2644.000000000 2643.300000000 2642.600000000 2642.100000000 2641.000000000 2640.800000000 2640.100000000 2640.300000000 2638.300000000 2636.500000000 2635.500000000 2634.800000000 2633.500000000 2632.200000000 2631.600000000 2629.100000000 2628.200000000 2627.300000000 2625.600000000 2623.200000000 2620.000000000 2617.300000000 2614.300000000 2611.800000000 2610.200000000 2607.400000000 2604.800000000 2598.000000000 2592.000000000 2582.200000000 2575.400000000 2566.500000000 2556.000000000 2544.300000000 2535.500000000 2529.500000000 2523.200000000 2521.100000000 2525.300000000 2514.100000000 2500.100000000 2493.600000000 2486.900000000 2479.200000000 2472.700000000
2654.000000000 2650.500000000 2648.300000000 2645.800000000 2643.300000000 2642.600000000 2641.800000000 2641.100000000 2640.700000000 2640.400000000 2640.600000000 2640.400000000 2639.100000000 2638.100000000 2635.900000000 2633.900000000 2632.700000000 2631.000000000 2628.800000000 2627.700000000 2625.300000000 2624.600000000 2622.700000000 2619.100000000 2615.700000000 2613.100000000 2610.100000000 2607.600000000 2606.600000000 2601.000000000 2593.900000000 2588.400000000 2580.100000000 2573.900000000 2563.300000000 2554.700000000 2543.100000000 2533.200000000 2524.800000000 2519.400000000 2513.600000000 2508.000000000 2502.600000000 2497.300000000 2491.700000000 2484.800000000 2477.200000000 2469.600000000
2657.300000000 2654.000000000 2650.200000000 2647.400000000 2645.300000000 2642.600000000 2641.800000000 2641.000000000 2640.500000000 2640.300000000 2640.600000000 2641.400000000 2640.400000000 2639.200000000 2636.900000000 2634.000000000 2631.900000000 2631.000000000 2629.400000000 2627.300000000 2626.100000000 2625.200000000 2622.300000000 2618.500000000 2615.500000000 2612.100000000 2608.800000000 2605.700000000 2602.900000000 2598.700000000 2591.500000000 2585.100000000 2579.300000000 2573.200000000 2564.500000000 2553.000000000 2543.100000000 2529.700000000 2522.500000000 2516.400000000 2510.100000000 2504.200000000 2498.000000000 2492.300000000 2487.300000000 2481.900000000 2475.500000000 2467.900000000
2661.100000000 2657.000000000 2653.300000000 2649.600000000 2647.300000000 2642.800000000 2641.300000000 2640.900000000 2640.500000000 2640.000000000 2640.300000000 2640.500000000 2638.800000000 2637.300000000 2635.900000000 2634.800000000 2632.000000000 2630.200000000 2628.600000000 2627.400000000 2626.000000000 2625.200000000 2623.300000000 2619.300000000 2615.200000000 2611.500000000 2608.200000000 2604.800000000 2601.200000000 2595.000000000 2588.200000000 2581.000000000 2575.900000000 2569.600000000 2559.900000000 2551.900000000 2543.200000000 2529.100000000 2521.000000000 2514.700000000 2508.700000000 2502.500000000 2496.300000000 2490.100000000 2484.100000000 2478.100000000 2472.000000000 2465.700000000
2664.100000000 2660.200000000 2656.200000000 2652.200000000 2648.000000000 2644.000000000 2641.200000000 2641.400000000 2641.000000000 2640.400000000 2639.400000000 2637.700000000 2637.700000000 2637.300000000 2637.000000000 2636.100000000 2633.500000000 2630.700000000 2629.100000000 2628.100000000 2626.900000000 2624.800000000 2622.600000000 2619.500000000 2616.000000000 2612.400000000 2608.700000000 2604.600000000 2598.800000000 2592.200000000 2585.100000000 2576.700000000 2571.600000000 2565.700000000 2554.400000000 2544.800000000 2535.200000000 2527.300000000 2520.400000000 2513.800000000 2507.500000000 2501.200000000 2495.200000000 2489.000000000 2482.900000000 2476.600000000 2470.300000000 2464.200000000
2667.300000000 2662.700000000 2658.800000000 2654.600000000 2650.500000000 2646.100000000 2642.200000000 2639.700000000 2639.000000000 2638.700000000 2638.100000000 2636.400000000 2636.100000000 2636.500000000 2636.200000000 2634.100000000 2632.300000000 2631.100000000 2629.600000000 2627.900000000 2625.800000000 2624.400000000 2622.400000000 2620.200000000 2617.800000000 2613.800000000 2611.000000000 2606.800000000 2598.700000000 2590.200000000 2582.300000000 2573.800000000 2567.200000000 2559.100000000 2548.600000000 2540.200000000 2533.500000000 2526.600000000 2520.000000000 2513.300000000 2507.200000000 2500.800000000 2494.600000000 2487.700000000 2482.000000000 2475.900000000 2469.300000000 2463.600000000
2670.300000000 2665.300000000 2661.000000000 2656.800000000 2652.600000000 2648.200000000 2644.200000000 2640.500000000 2638.600000000 2637.100000000 2636.300000000 2635.300000000 2634.800000000 2635.000000000 2633.600000000 2632.900000000 2630.700000000 2629.900000000 2629.600000000 2628.300000000 2625.200000000 2624.400000000 2622.500000000 2620.200000000 2618.100000000 2615.500000000 2612.200000000 2607.200000000 2595.300000000 2589.000000000 2581.800000000 2573.900000000 2565.500000000 2553.400000000 2546.200000000 2539.500000000 2533.100000000 2526.700000000 2519.800000000 2514.000000000 2506.000000000 2500.600000000 2494.500000000 2487.600000000 2481.700000000 2475.300000000 2469.800000000 2463.000000000
2672.900000000 2667.400000000 2663.000000000 2658.600000000 2654.200000000 2649.800000000 2645.700000000 2642.100000000 2639.200000000 2636.900000000 2635.400000000 2634.300000000 2633.700000000 2634.000000000 2633.800000000 2631.600000000 2632.200000000 2629.300000000 2626.800000000 2626.900000000 2625.000000000 2623.000000000 2620.100000000 2618.500000000 2616.200000000 2613.100000000 2610.500000000 2605.700000000 2595.300000000 2586.100000000 2578.100000000 2571.400000000 2564.400000000 2553.500000000 2545.600000000 2539.300000000 2532.600000000 2525.500000000 2519.600000000 2513.400000000 2506.600000000 2499.700000000 2494.100000000 2487.200000000 2481.700000000 2475.000000000 2469.700000000 2463.000000000
2675.400000000 2669.700000000 2664.800000000 2660.400000000 2655.700000000 2651.600000000 2647.400000000 2643.200000000 2640.100000000 2637.900000000 2635.900000000 2634.600000000 2633.500000000 2632.900000000 2632.100000000 2631.600000000 2630.300000000 2630.100000000 2626.500000000 2624.500000000 2623.100000000 2622.100000000 2619.200000000 2616.200000000 2614.300000000 2613.100000000 2609.800000000 2605.400000000 2595.900000000 2587.000000000 2579.100000000 2569.500000000 2563.400000000 2552.900000000 2545.800000000 2539.000000000 2532.600000000 2526.000000000 2519.600000000 2513.200000000 2506.900000000 2501.100000000 2494.300000000 2488.500000000 2481.800000000 2475.700000000 2469.800000000 2463.500000000
2677.500000000 2671.700000000 2666.200000000 2661.700000000 2657.100000000 2652.800000000 2648.600000000 2644.500000000 2641.000000000 2638.600000000 2636.300000000 2635.300000000 2634.500000000 2632.300000000 2631.100000000 2629.700000000 2629.300000000 2628.400000000 2627.900000000 2626.300000000 2623.100000000 2620.000000000 2617.500000000 2615.100000000 2613.600000000 2610.900000000 2608.600000000 2605.700000000 2599.900000000 2590.300000000 2583.100000000 2571.900000000 2563.600000000 2556.900000000 2546.900000000 2539.800000000 2533.800000000 2526.700000000 2520.300000000 2514.000000000 2507.900000000 2502.100000000 2495.800000000 2489.700000000 2482.800000000 2476.600000000 2470.500000000 2464.700000000
2679.100000000 2673.100000000 2667.500000000 2662.700000000 2658.000000000 2653.500000000 2648.800000000 2644.600000000 2642.000000000 2638.700000000 2636.800000000 2634.700000000 2633.400000000 2632.300000000 2631.200000000 2629.700000000 2627.900000000 2627.100000000 2626.900000000 2626.200000000 2625.900000000 2622.600000000 2619.800000000 2615.600000000 2612.300000000 2609.700000000 2608.100000000 2606.500000000 2603.800000000 2595.900000000 2587.300000000 2577.500000000 2568.800000000 2562.300000000 2553.000000000 2540.900000000 2534.700000000 2528.500000000 2522.300000000 2516.200000000 2509.800000000 2503.100000000 2496.800000000 2490.300000000 2484.100000000 2479.100000000 2473.800000000 2467.900000000
2680.700000000 2674.500000000 2668.500000000 2663.400000000 2658.800000000 2654.300000000 2650.400000000 2644.800000000 2641.900000000 2639.200000000 2636.900000000 2634.700000000 2632.900000000 2631.300000000 2630.000000000 2629.000000000 2628.200000000 2627.200000000 2625.800000000 2624.300000000 2622.200000000 2621.000000000 2618.500000000 2616.500000000 2612.800000000 2609.200000000 2607.100000000 2604.900000000 2602.400000000 2598.100000000 2591.000000000 2582.000000000 2572.600000000 2564.600000000 2554.900000000 2543.600000000 2537.900000000 2531.700000000 2525.500000000 2518.900000000 2512.200000000 2505.800000000 2499.200000000 2493.400000000 2488.000000000 2482.900000000 2477.600000000 2472.000000000
2681.900000000 2676.000000000 2669.700000000 2663.900000000 2659.400000000 2654.600000000 2650.200000000 2645.400000000 2642.400000000 2638.900000000 2636.700000000 2634.400000000 2632.500000000 2630.500000000 2628.800000000 2628.300000000 2627.800000000 2627.400000000 2626.700000000 2624.300000000 2621.300000000 2617.900000000 2616.100000000 2613.500000000 2612.200000000 2610.900000000 2609.300000000 2605.900000000 2602.300000000 2598.000000000 2590.000000000 2580.000000000 2571.300000000 2562.900000000 2553.900000000 2547.600000000 2541.100000000 2534.400000000 2527.900000000 2521.200000000 2514.900000000 2508.700000000 2503.000000000 2497.600000000 2492.000000000 2486.300000000 2479.600000000 2472.800000000
