OpenCAL-OMP/examples/sciara-fv2/data/2006_SAVE/2006_000000000000_Morphology.stt
ncols		517
nrows		378
xllcorner	499547.500000
yllcorner	4174982.500000
cellsize	10.000000
NODATA_value	0.000000
[rows 264 to 285 of 378, columns 96 to 143 of 517]
2791.800000000 2790.100000000 2787.900000000 2786.000000000 2784.700000000 2784.500000000 2784.500000000 2783.900000000 2782.200000000 2778.500000000 2776.800000000 2774.000000000 2773.500000000 2771.500000000 2769.500000000 2768.200000000 2766.600000000 2765.500000000 2763.400000000 2760.700000000 2758.600000000 2755.900000000 2754.800000000 2753.900000000 2752.900000000 2751.200000000 2750.200000000 2749.800000000 2750.100000000 2750.000000000 2750.100000000 2749.900000000 2749.700000000 2749.500000000 2749.300000000 2749.200000000 2749.800000000 2749.800000000 2750.600000000 2747.300000000 2743.800000000 2738.900000000 2732.200000000 2725.600000000 2718.400000000 2711.700000000 2702.100000000 2694.600000000
2790.400000000 2789.000000000 2787.000000000 2784.700000000 2782.800000000 2781.500000000 2781.100000000 2780.900000000 2779.800000000 2777.400000000 2774.400000000 2772.700000000 2771.900000000 2770.200000000 2768.400000000 2767.100000000 2765.700000000 2764.300000000 2763.000000000 2760.400000000 2758.500000000 2756.800000000 2755.000000000 2754.000000000 2753.000000000 2751.600000000 2750.100000000 2749.400000000 2749.100000000 2749.000000000 2749.100000000 2749.600000000 2750.200000000 2749.500000000 2749.500000000 2748.900000000 2749.300000000 2749.500000000 2750.800000000 2748.500000000 2743.300000000 2737.800000000 2727.700000000 2720.000000000 2713.100000000 2707.300000000 2700.400000000 2694.200000000
2789.400000000 2787.800000000 2785.800000000 2783.700000000 2781.300000000 2780.000000000 2778.200000000 2777.700000000 2776.600000000 2774.700000000 2772.200000000 2771.800000000 2771.000000000 2769.100000000 2767.700000000 2766.300000000 2765.700000000 2764.300000000 2762.500000000 2760.000000000 2758.400000000 2756.800000000 2755.800000000 2754.700000000 2753.200000000 2752.200000000 2750.900000000 2749.300000000 2748.600000000 2748.100000000 2748.600000000 2749.800000000 2750.700000000 2750.000000000 2749.200000000 2748.700000000 2749.200000000 2749.100000000 2750.800000000 2749.600000000 2742.900000000 2735.400000000 2726.200000000 2717.800000000 2710.400000000 2704.000000000 2698.600000000 2692.600000000
2788.500000000 2786.400000000 2784.800000000 2783.200000000 2781.000000000 2779.100000000 2777.000000000 2775.100000000 2773.200000000 2772.100000000 2770.600000000 2770.600000000 2769.800000000 2768.400000000 2766.500000000 2765.500000000 2765.200000000 2763.300000000 2762.200000000 2759.900000000 2758.700000000 2757.100000000 2756.300000000 2755.000000000 2753.700000000 2752.900000000 2751.100000000 2749.400000000 2748.600000000 2747.800000000 2747.300000000 2748.000000000 2749.800000000 2750.500000000 2749.800000000 2748.700000000 2749.200000000 2748.700000000 2750.400000000 2749.900000000 2742.600000000 2734.300000000 2725.500000000 2717.400000000 2710.100000000 2702.800000000 2696.500000000 2690.900000000
2787.300000000 2785.300000000 2783.500000000 2781.300000000 2779.800000000 2777.900000000 2776.200000000 2773.800000000 2771.800000000 2770.500000000 2769.600000000 2768.200000000 2767.800000000 2767.000000000 2765.600000000 2764.500000000 2763.700000000 2762.500000000 2761.600000000 2760.000000000 2758.400000000 2757.400000000 2755.900000000 2754.800000000 2754.100000000 2753.100000000 2751.400000000 2749.200000000 2748.000000000 2746.900000000 2746.000000000 2746.500000000 2748.100000000 2750.600000000 2751.600000000 2749.800000000 2748.800000000 2748.800000000 2749.600000000 2749.700000000 2742.400000000 2734.000000000 2725.700000000 2716.200000000 2708.600000000 2702.200000000 2695.400000000 2689.700000000
2785.300000000 2783.700000000 2782.100000000 2780.100000000 2778.600000000 2776.700000000 2774.300000000 2771.900000000 2770.600000000 2769.200000000 2768.800000000 2766.700000000 2766.500000000 2765.600000000 2764.400000000 2763.500000000 2762.400000000 2761.600000000 2760.500000000 2759.500000000 2758.400000000 2756.600000000 2755.500000000 2754.000000000 2753.800000000 2752.400000000 2750.300000000 2748.500000000 2747.200000000 2746.200000000 2745.600000000 2745.000000000 2745.500000000 2748.300000000 2751.600000000 2750.500000000 2749.100000000 2748.200000000 2749.000000000 2748.400000000 2741.800000000 2733.000000000 2723.900000000 2716.300000000 2708.500000000 2701.800000000 2695.400000000 2689.200000000
2783.200000000 2782.600000000 2781.600000000 2779.000000000 2777.300000000 2774.700000000 2773.100000000 2771.000000000 2768.900000000 2768.800000000 2767.400000000 2766.600000000 2765.500000000 2764.900000000 2764.200000000 2762.300000000 2761.400000000 2761.100000000 2759.500000000 2758.700000000 2757.400000000 2755.800000000 2755.200000000 2753.600000000 2752.700000000 2751.800000000 2749.800000000 2748.400000000 2746.300000000 2745.300000000 2744.500000000 2743.600000000 2743.300000000 2745.300000000 2749.100000000 2749.900000000 2748.600000000 2748.000000000 2749.400000000 2746.100000000 2742.700000000 2733.800000000 2724.200000000 2715.600000000 2708.600000000 2702.100000000 2695.400000000 2689.100000000
2781.300000000 2781.100000000 2779.100000000 2777.900000000 2776.200000000 2774.000000000 2771.700000000 2769.600000000 2768.700000000 2767.000000000 2765.800000000 2765.800000000 2764.400000000 2763.600000000 2762.700000000 2761.900000000 2761.000000000 2759.700000000 2758.900000000 2757.900000000 2756.300000000 2755.200000000 2754.100000000 2753.400000000 2752.000000000 2750.900000000 2749.800000000 2748.200000000 2746.200000000 2744.800000000 2744.000000000 2742.900000000 2742.200000000 2742.900000000 2746.000000000 2748.200000000 2748.100000000 2748.100000000 2748.100000000 2745.400000000 2740.000000000 2733.900000000 2724.700000000 2716.300000000 2709.100000000 2702.500000000 2696.400000000 2690.100000000
2779.200000000 2778.200000000 2776.900000000 2775.700000000 2774.200000000 2772.300000000 2770.100000000 2769.000000000 2767.200000000 2765.600000000 2764.700000000 2763.900000000 2763.000000000 2762.300000000 2762.000000000 2760.800000000 2760.200000000 2758.600000000 2758.000000000 2757.100000000 2755.400000000 2754.400000000 2753.500000000 2752.300000000 2751.500000000 2750.100000000 2748.500000000 2747.400000000 2746.200000000 2743.800000000 2743.300000000 2742.300000000 2741.200000000 2741.500000000 2744.500000000 2746.400000000 2746.600000000 2747.900000000 2746.600000000 2743.500000000 2738.800000000 2732.900000000 2727.700000000 2719.500000000 2710.800000000 2703.900000000 2697.200000000 2691.200000000
2777.000000000 2775.800000000 2774.600000000 2773.400000000 2771.700000000 2769.600000000 2769.100000000 2767.000000000 2765.200000000 2764.200000000 2763.100000000 2762.300000000 2761.400000000 2761.200000000 2760.300000000 2759.500000000 2758.900000000 2757.600000000 2756.700000000 2756.500000000 2755.100000000 2753.500000000 2752.300000000 2751.600000000 2750.500000000 2749.200000000 2747.700000000 2746.600000000 2745.300000000 2744.100000000 2742.700000000 2742.000000000 2741.000000000 2741.600000000 2743.800000000 2744.900000000 2745.500000000 2746.900000000 2745.000000000 2741.000000000 2737.000000000 2733.500000000 2728.100000000 2720.700000000 2712.300000000 2705.300000000 2699.100000000 2692.800000000
2775.000000000 2773.400000000 2771.800000000 2771.000000000 2768.700000000 2768.600000000 2767.100000000 2765.300000000 2763.800000000 2763.100000000 2761.400000000 2760.100000000 2759.500000000 2759.400000000 2758.900000000 2758.400000000 2757.400000000 2756.300000000 2755.900000000 2755.100000000 2754.300000000 2752.700000000 2751.100000000 2749.900000000 2749.500000000 2748.600000000 2747.200000000 2745.700000000 2744.400000000 2743.300000000 2742.600000000 2741.200000000 2740.600000000 2741.900000000 2742.700000000 2743.200000000 2743.600000000 2743.400000000 2741.700000000 2738.700000000 2735.500000000 2731.900000000 2729.000000000 2723.800000000 2715.800000000 2710.000000000 2703.700000000 2695.600000000
2772.900000000 2772.200000000 2770.600000000 2768.400000000 2766.900000000 2766.100000000 2764.700000000 2762.900000000 2761.900000000 2761.100000000 2760.100000000 2758.900000000 2758.100000000 2757.900000000 2757.700000000 2757.300000000 2755.800000000 2754.800000000 2754.600000000 2754.000000000 2753.400000000 2752.100000000 2750.300000000 2748.900000000 2748.000000000 2747.200000000 2746.400000000 2745.300000000 2744.200000000 2742.500000000 2741.400000000 2741.000000000 2740.400000000 2741.500000000 2741.400000000 2741.900000000 2741.500000000 2741.400000000 2740.300000000 2737.300000000 2733.200000000 2729.200000000 2725.600000000 2722.600000000 2718.600000000 2714.200000000 2705.200000000 2697.600000000
2770.600000000 2770.100000000 2768.600000000 2767.400000000 2765.500000000 2764.300000000 2762.800000000 2761.400000000 2760.100000000 2759.300000000 2758.400000000 2757.400000000 2756.100000000 2755.500000000 2755.900000000 2755.100000000 2754.400000000 2754.100000000 2753.300000000 2752.600000000 2751.500000000 2750.600000000 2749.100000000 2747.600000000 2746.100000000 2745.600000000 2745.100000000 2744.400000000 2742.900000000 2742.000000000 2740.600000000 2740.100000000 2739.900000000 2739.900000000 2740.800000000 2741.900000000 2740.800000000 2739.500000000 2738.800000000 2736.200000000 2733.200000000 2729.300000000 2725.100000000 2721.400000000 2717.700000000 2714.600000000 2710.000000000 2702.700000000
2768.600000000 2767.900000000 2767.300000000 2766.300000000 2765.500000000 2764.100000000 2762.900000000 2760.800000000 2759.100000000 2758.400000000 2757.900000000 2756.800000000 2755.500000000 2754.300000000 2753.300000000 2753.200000000 2753.000000000 2752.200000000 2751.700000000 2750.700000000 2749.700000000 2749.000000000 2748.100000000 2746.700000000 2744.900000000 2744.000000000 2743.200000000 2742.300000000 2741.600000000 2740.600000000 2739.300000000 2738.800000000 2738.900000000 2738.100000000 2739.300000000 2741.200000000 2741.300000000 2739.300000000 2737.300000000 2735.000000000 2732.300000000 2728.900000000 2725.000000000 2721.200000000 2717.500000000 2713.900000000 2709.900000000 2705.500000000
2766.500000000 2766.000000000 2765.000000000 2764.400000000 2763.900000000 2762.300000000 2760.900000000 2758.800000000 2757.500000000 2756.700000000 2755.900000000 2755.000000000 2754.500000000 2753.100000000 2752.700000000 2751.500000000 2750.900000000 2751.400000000 2750.700000000 2749.400000000 2748.500000000 2747.600000000 2746.800000000 2745.600000000 2744.400000000 2742.600000000 2741.800000000 2741.000000000 2740.000000000 2738.800000000 2738.200000000 2737.200000000 2737.100000000 2736.600000000 2737.700000000 2739.800000000 2740.200000000 2738.400000000 2735.800000000 2734.300000000 2731.300000000 2728.000000000 2725.100000000 2721.500000000 2717.600000000 2713.400000000 2709.400000000 2705.400000000
2764.600000000 2764.100000000 2763.300000000 2762.900000000 2761.900000000 2760.700000000 2759.200000000 2757.600000000 2755.800000000 2754.300000000 2753.400000000 2753.200000000 2752.600000000 2751.600000000 2751.400000000 2750.500000000 2749.600000000 2750.400000000 2749.700000000 2748.700000000 2747.600000000 2746.600000000 2745.700000000 2744.800000000 2743.600000000 2741.500000000 2740.700000000 2739.300000000 2738.900000000 2737.500000000 2736.900000000 2736.300000000 2735.700000000 2735.600000000 2735.700000000 2735.900000000 2736.500000000 2736.100000000 2734.000000000 2732.800000000 2729.700000000 2726.900000000 2724.500000000 2721.900000000 2718.600000000 2714.700000000 2709.500000000 2704.500000000
2762.000000000 2762.200000000 2762.200000000 2761.500000000 2760.600000000 2758.800000000 2757.400000000 2756.300000000 2754.400000000 2753.200000000 2751.900000000 2751.400000000 2750.600000000 2750.400000000 2749.600000000 2749.400000000 2748.900000000 2749.400000000 2748.700000000 2748.200000000 2747.500000000 2745.700000000 2744.400000000 2743.500000000 2742.200000000 2740.600000000 2739.400000000 2738.200000000 2737.500000000 2736.300000000 2735.600000000 2734.900000000 2734.200000000 2733.900000000 2733.900000000 2733.400000000 2733.600000000 2733.000000000 2732.000000000 2730.700000000 2728.100000000 2725.300000000 2723.300000000 2721.300000000 2719.000000000 2716.100000000 2711.600000000 2703.100000000
2760.500000000 2760.300000000 2760.300000000 2760.200000000 2758.900000000 2757.700000000 2756.100000000 2754.800000000 2753.100000000 2751.400000000 2750.900000000 2749.700000000 2749.200000000 2748.900000000 2748.400000000 2748.000000000 2747.600000000 2748.000000000 2747.400000000 2746.800000000 2745.000000000 2744.300000000 2743.000000000 2741.800000000 2741.000000000 2739.000000000 2737.800000000 2736.400000000 2735.600000000 2734.900000000 2734.100000000 2733.400000000 2733.300000000 2733.100000000 2733.000000000 2732.900000000 2733.000000000 2732.600000000 2731.100000000 2728.700000000 2726.300000000 2724.000000000 2721.800000000 2719.900000000 2717.900000000 2715.400000000 2712.500000000 2704.100000000
2758.700000000 2758.600000000 2758.600000000 2758.300000000 2757.200000000 2755.900000000 2754.900000000 2753.800000000 2752.600000000 2750.900000000 2749.400000000 2748.500000000 2748.200000000 2747.700000000 2746.900000000 2746.500000000 2746.300000000 2747.000000000 2746.000000000 2744.100000000 2743.900000000 2742.600000000 2741.800000000 2740.800000000 2739.200000000 2738.000000000 2736.400000000 2734.600000000 2733.500000000 2733.000000000 2732.600000000 2732.300000000 2731.800000000 2731.300000000 2731.400000000 2732.500000000 2732.200000000 2732.300000000 2730.400000000 2727.800000000 2724.900000000 2722.700000000 2720.400000000 2718.800000000 2716.600000000 2714.000000000 2711.100000000 2706.100000000
2756.700000000 2756.700000000 2756.200000000 2756.200000000 2755.100000000 2754.500000000 2753.700000000 2752.900000000 2751.400000000 2750.000000000 2748.200000000 2747.900000000 2747.200000000 2746.500000000 2745.800000000 2745.400000000 2745.200000000 2745.400000000 2744.500000000 2742.900000000 2742.100000000 2741.700000000 2740.400000000 2739.000000000 2737.900000000 2736.500000000 2734.800000000 2733.600000000 2731.900000000 2730.900000000 2730.900000000 2730.100000000 2729.900000000 2729.500000000 2729.800000000 2731.100000000 2731.000000000 2730.400000000 2729.800000000 2728.500000000 2724.300000000 2721.300000000 2719.000000000 2717.400000000 2715.600000000 2713.100000000 2710.200000000 2707.100000000
2755.100000000 2754.600000000 2754.200000000 2753.900000000 2753.200000000 2752.600000000 2752.400000000 2751.400000000 2750.300000000 2748.900000000 2747.200000000 2746.100000000 2746.200000000 2745.200000000 2744.800000000 2743.900000000 2744.200000000 2743.800000000 2742.800000000 2741.500000000 2740.700000000 2739.200000000 2738.500000000 2737.300000000 2736.400000000 2735.400000000 2734.200000000 2732.000000000 2730.900000000 2729.900000000 2729.300000000 2728.300000000 2727.800000000 2727.100000000 2728.200000000 2729.300000000 2729.000000000 2728.400000000 2728.200000000 2727.700000000 2724.900000000 2720.600000000 2717.700000000 2715.700000000 2714.400000000 2712.400000000 2709.700000000 2706.600000000
2753.700000000 2753.200000000 2752.300000000 2751.800000000 2751.500000000 2751.100000000 2750.700000000 2750.200000000 2749.300000000 2748.300000000 2746.600000000 2745.000000000 2744.700000000 2744.500000000 2743.800000000 2742.800000000 2743.600000000 2742.600000000 2741.500000000 2740.100000000 2739.000000000 2737.200000000 2736.400000000 2735.800000000 2734.400000000 2733.100000000 2732.200000000 2730.500000000 2729.400000000 2728.400000000 2727.700000000 2726.700000000 2725.600000000 2725.100000000 2725.800000000 2726.900000000 2726.900000000 2726.500000000 2726.100000000 2724.900000000 2723.300000000 2720.600000000 2715.800000000 2713.500000000 2712.200000000 2711.000000000 2709.800000000 2706.800000000
