OpenCAL-CL/examples/CALCL_Sciara/data/2006/2006_000000000000_Morphology.stt
ncols		517
nrows		378
xllcorner	499547.500000
yllcorner	4174982.500000
cellsize	10.000000
NODATA_value	0.000000
[rows 203 to 231 of 378, columns 134 to 200 of 517]
2771.60 2766.00 2760.60 2754.90 2749.10 2743.20 2737.30 2730.90 2724.70 2718.60 2712.10 2705.60 2699.40 2693.30 2686.80 2680.60 2673.50 2667.50 2661.50 2655.10 2649.00 2643.20 2637.30 2632.00 2626.90 2622.00 2617.70 2614.10 2611.00 2607.60 2603.50 2601.80 2594.80 2589.20 2584.80 2581.30 2576.20 2570.90 2566.20 2562.10 2557.80 2552.20 2550.70 2548.00 2544.60 2538.70 2533.30 2531.00 2528.20 2525.20 2518.90 2517.70 2514.30 2510.70 2506.00 2499.30 2492.90 2488.10 2483.70 2480.40 2475.70 2469.50 2461.70 2454.10 2447.10 2440.10 2433.50
2769.80 2764.20 2758.70 2752.70 2747.10 2741.20 2735.40 2729.40 2723.10 2716.90 2710.50 2704.20 2697.90 2691.50 2685.30 2679.10 2672.50 2666.20 2659.70 2653.40 2647.40 2641.40 2635.50 2629.70 2624.30 2619.00 2614.30 2609.90 2605.70 2601.70 2599.10 2596.00 2592.50 2587.50 2581.80 2577.20 2572.50 2567.40 2562.80 2558.30 2554.10 2549.90 2545.10 2543.60 2540.30 2535.80 2531.20 2526.50 2523.10 2521.00 2516.40 2511.20 2510.20 2506.50 2503.70 2499.20 2492.30 2484.60 2479.70 2474.10 2470.00 2466.80 2461.30 2453.00 2445.60 2438.30 2431.40
2768.30 2762.70 2756.90 2751.20 2745.40 2739.40 2733.50 2727.50 2721.50 2715.30 2708.80 2702.80 2696.60 2690.40 2683.80 2677.50 2671.30 2664.90 2658.50 2652.10 2645.90 2639.80 2634.10 2627.90 2622.30 2617.00 2611.60 2606.70 2602.40 2598.10 2594.20 2590.70 2587.50 2585.00 2580.60 2574.70 2570.00 2565.10 2560.30 2555.60 2551.20 2547.10 2542.50 2537.80 2536.50 2533.60 2528.00 2524.20 2519.80 2517.10 2513.10 2507.60 2503.80 2501.60 2497.90 2493.90 2489.50 2484.10 2477.60 2469.80 2464.40 2460.40 2457.70 2452.10 2445.30 2437.00 2429.90
2766.80 2761.50 2755.70 2749.80 2743.70 2737.80 2731.80 2725.90 2719.60 2713.70 2707.70 2700.90 2695.10 2688.90 2682.40 2676.30 2670.10 2663.70 2657.30 2650.90 2644.70 2638.50 2632.40 2626.50 2620.70 2615.00 2609.90 2604.20 2599.50 2595.00 2590.70 2586.60 2583.40 2580.70 2577.80 2573.30 2568.60 2564.40 2558.60 2553.50 2549.00 2544.30 2540.10 2534.80 2531.50 2529.70 2526.70 2521.60 2517.30 2513.40 2510.80 2504.00 2499.40 2496.30 2493.00 2488.00 2483.90 2480.20 2474.70 2469.70 2461.40 2455.30 2450.90 2446.60 2442.60 2435.80 2428.20
2766.10 2760.50 2754.60 2748.50 2742.50 2736.50 2730.50 2724.30 2717.80 2712.20 2705.80 2699.80 2693.80 2687.60 2681.10 2674.80 2668.90 2662.50 2655.90 2649.90 2643.50 2637.40 2631.30 2625.00 2619.40 2613.60 2608.10 2602.50 2597.00 2592.20 2588.00 2583.70 2579.80 2576.30 2573.80 2570.10 2566.20 2563.20 2558.80 2552.90 2547.20 2542.40 2538.00 2533.10 2528.30 2525.00 2523.50 2520.20 2515.40 2510.30 2505.30 2501.40 2495.00 2491.80 2486.20 2481.50 2477.80 2473.90 2470.20 2465.90 2460.10 2452.70 2446.10 2441.40 2436.90 2432.50 2426.60
2766.10 2760.00 2754.00 2748.10 2742.10 2735.70 2729.70 2723.40 2717.20 2711.10 2704.80 2698.90 2692.60 2686.50 2680.40 2673.80 2667.70 2661.60 2655.20 2649.10 2642.90 2636.50 2630.30 2624.30 2618.10 2612.50 2606.60 2601.10 2595.70 2590.60 2585.70 2581.20 2577.20 2573.00 2569.60 2566.70 2565.20 2560.00 2555.10 2549.80 2545.00 2539.90 2535.90 2532.40 2527.60 2522.40 2519.40 2518.00 2513.60 2508.40 2502.50 2498.10 2493.50 2488.30 2483.00 2476.90 2472.00 2467.40 2464.20 2459.80 2455.90 2451.50 2444.40 2437.80 2432.50 2427.60 2422.80
2767.70 2760.60 2754.60 2748.00 2741.40 2735.10 2729.00 2722.90 2716.50 2710.40 2704.30 2697.80 2691.80 2685.50 2679.30 2673.10 2667.00 2660.80 2654.50 2648.30 2642.00 2635.80 2629.50 2623.40 2617.30 2611.50 2605.60 2599.80 2594.20 2588.80 2583.50 2578.90 2574.90 2570.60 2566.30 2562.80 2560.80 2557.30 2551.50 2548.30 2543.10 2538.80 2533.80 2528.60 2523.40 2519.70 2515.60 2513.50 2511.10 2504.80 2500.30 2494.10 2490.20 2485.50 2480.90 2475.20 2470.00 2465.20 2458.70 2454.80 2449.80 2445.00 2440.60 2434.70 2429.30 2423.60 2417.90
2769.50 2762.60 2755.70 2748.60 2741.60 2735.00 2728.90 2722.50 2716.40 2710.20 2703.90 2697.60 2691.30 2685.30 2679.20 2672.90 2666.50 2660.40 2654.00 2648.00 2641.70 2635.30 2629.20 2623.10 2616.70 2610.80 2605.10 2598.80 2593.20 2587.50 2582.50 2576.90 2572.10 2568.80 2564.80 2559.30 2556.00 2551.70 2548.70 2544.20 2540.30 2536.20 2532.60 2528.00 2521.70 2517.60 2511.50 2507.60 2505.70 2502.20 2496.60 2492.30 2486.30 2481.00 2478.10 2472.40 2467.80 2462.80 2457.10 2451.30 2446.10 2440.40 2435.10 2429.80 2424.80 2418.60 2413.20
2766.20 2760.70 2754.90 2748.80 2742.90 2737.30 2730.70 2723.10 2716.00 2710.00 2703.40 2697.60 2691.80 2685.50 2679.10 2673.40 2667.10 2660.80 2654.40 2648.50 2642.00 2635.00 2629.00 2622.60 2616.50 2610.30 2604.10 2598.40 2592.30 2586.80 2581.20 2575.50 2570.10 2565.30 2560.90 2556.60 2552.10 2548.40 2544.90 2540.30 2536.60 2532.40 2528.00 2525.90 2519.90 2514.70 2511.00 2505.80 2500.10 2498.10 2493.40 2488.30 2483.70 2478.60 2473.00 2468.90 2464.20 2460.30 2454.60 2448.40 2443.10 2437.60 2431.50 2425.70 2419.60 2414.10 2409.20
2764.50 2758.30 2752.80 2747.30 2741.80 2735.60 2728.90 2722.60 2715.90 2709.50 2703.00 2697.10 2691.60 2685.50 2677.70 2671.30 2665.30 2659.50 2654.10 2648.80 2643.50 2636.20 2629.70 2622.70 2616.30 2609.90 2604.10 2598.50 2592.80 2586.40 2581.00 2574.40 2569.20 2563.70 2558.70 2553.90 2549.20 2544.90 2540.90 2537.40 2532.60 2529.40 2525.50 2521.70 2518.60 2513.70 2507.80 2503.20 2497.60 2492.30 2490.40 2485.20 2480.90 2474.20 2468.90 2464.40 2460.50 2456.80 2452.30 2447.10 2440.50 2434.80 2429.40 2423.70 2417.10 2410.00 2404.30
2761.50 2756.70 2751.60 2746.20 2741.10 2735.10 2727.80 2721.70 2715.90 2709.60 2702.80 2696.30 2689.20 2683.00 2677.10 2671.10 2664.80 2658.40 2652.40 2646.40 2640.70 2635.00 2629.70 2623.90 2617.40 2611.70 2605.00 2598.90 2592.70 2586.40 2580.30 2575.00 2569.20 2563.60 2557.80 2552.50 2547.40 2542.70 2538.40 2533.90 2529.50 2526.20 2522.10 2518.40 2513.60 2509.50 2506.10 2501.30 2495.00 2489.60 2483.90 2481.10 2478.10 2473.80 2468.40 2461.30 2455.80 2450.50 2447.20 2443.70 2437.70 2432.90 2426.40 2420.90 2415.10 2408.90 2402.20
2759.00 2753.90 2749.20 2743.70 2736.90 2731.20 2724.90 2718.30 2712.00 2705.10 2699.30 2692.70 2686.50 2680.30 2674.40 2668.90 2663.00 2658.00 2651.30 2645.30 2639.10 2633.70 2628.30 2623.20 2618.10 2612.10 2605.90 2600.10 2593.90 2587.50 2582.30 2576.90 2570.50 2564.20 2558.20 2552.10 2547.20 2541.40 2536.70 2531.90 2527.30 2522.90 2518.20 2513.50 2509.80 2506.70 2501.80 2497.70 2492.70 2487.10 2481.20 2474.70 2471.30 2468.50 2465.60 2459.70 2452.70 2447.50 2442.00 2437.80 2434.10 2429.70 2425.00 2418.30 2412.00 2406.70 2400.00
2756.40 2751.30 2746.30 2741.00 2735.20 2729.20 2723.20 2716.60 2710.20 2703.40 2697.40 2691.00 2684.80 2678.60 2672.20 2665.90 2659.90 2654.40 2648.70 2643.60 2637.30 2631.30 2625.90 2621.30 2616.10 2610.70 2604.70 2599.30 2594.10 2588.50 2583.80 2577.90 2571.70 2565.70 2559.60 2553.80 2547.40 2541.60 2536.50 2531.10 2525.80 2521.10 2516.10 2511.40 2506.80 2502.30 2498.60 2494.20 2491.10 2486.20 2479.80 2473.50 2466.40 2461.90 2459.10 2456.30 2450.50 2444.30 2439.50 2434.60 2428.70 2423.50 2420.20 2415.50 2408.60 2402.20 2397.40
2753.70 2749.00 2744.10 2739.50 2733.90 2727.60 2721.80 2715.70 2708.70 2701.90 2695.70 2689.30 2683.10 2677.00 2670.60 2664.20 2658.30 2652.10 2646.40 2640.30 2634.60 2628.90 2623.20 2618.00 2613.20 2608.70 2602.70 2597.00 2591.40 2585.80 2579.60 2574.60 2570.50 2565.10 2559.40 2554.60 2549.30 2543.30 2537.70 2532.10 2527.20 2521.60 2515.20 2510.10 2505.00 2500.50 2495.30 2490.50 2486.30 2481.80 2477.40 2472.40 2465.20 2458.50 2454.40 2450.80 2446.60 2441.20 2436.80 2432.00 2425.80 2420.50 2414.00 2409.30 2404.70 2399.70 2393.00
2750.50 2745.70 2741.70 2737.30 2733.50 2727.40 2720.50 2713.70 2706.60 2700.30 2693.90 2687.60 2681.70 2675.40 2669.10 2663.00 2657.10 2650.60 2644.60 2638.50 2632.70 2626.70 2620.80 2615.10 2610.20 2605.30 2600.20 2595.20 2590.10 2584.20 2577.80 2572.30 2567.00 2562.00 2557.00 2552.40 2547.50 2542.40 2536.90 2531.90 2526.90 2523.20 2517.80 2511.50 2504.60 2498.90 2493.60 2488.00 2483.20 2478.70 2473.20 2467.30 2463.00 2456.60 2450.30 2446.60 2443.50 2439.80 2433.00 2427.50 2422.40 2416.70 2410.00 2403.30 2398.90 2394.70 2390.70
2748.00 2742.70 2738.20 2734.50 2730.60 2727.00 2720.70 2714.10 2707.40 2700.20 2693.00 2686.10 2679.90 2674.00 2667.30 2661.70 2655.40 2649.50 2643.80 2636.40 2631.00 2624.80 2618.80 2613.30 2607.80 2602.00 2597.90 2592.40 2588.10 2583.60 2577.60 2571.20 2565.90 2560.70 2555.70 2550.70 2545.90 2540.40 2535.80 2531.10 2526.00 2521.90 2518.60 2512.10 2504.90 2497.70 2491.50 2486.20 2480.30 2475.10 2470.00 2464.00 2458.20 2452.90 2448.00 2442.60 2439.60 2436.60 2431.50 2424.40 2418.60 2412.20 2405.90 2399.30 2394.20 2389.00 2384.50
2745.30 2740.20 2735.30 2731.00 2727.70 2724.00 2719.90 2714.30 2710.40 2704.00 2694.90 2685.80 2678.30 2672.20 2666.10 2660.10 2654.00 2647.90 2641.70 2635.60 2629.70 2623.00 2617.80 2611.40 2605.60 2600.00 2594.60 2589.40 2584.20 2581.10 2576.70 2571.60 2566.60 2560.90 2555.20 2549.80 2544.40 2539.10 2533.60 2528.30 2523.90 2519.50 2515.60 2511.60 2505.90 2499.60 2491.90 2485.10 2479.20 2473.30 2467.70 2462.30 2456.50 2451.10 2445.50 2440.80 2435.70 2432.00 2427.60 2421.70 2416.00 2410.60 2403.70 2396.50 2390.50 2384.90 2380.60
2743.00 2737.80 2732.70 2728.10 2724.30 2722.00 2719.50 2713.80 2709.10 2704.80 2698.60 2688.50 2679.40 2671.80 2665.10 2658.90 2652.40 2646.60 2640.60 2634.80 2628.40 2622.50 2616.80 2610.20 2604.30 2598.40 2592.80 2586.70 2581.20 2576.60 2571.20 2566.10 2563.20 2559.20 2554.80 2549.90 2545.30 2539.10 2533.80 2528.50 2522.10 2517.00 2512.40 2508.20 2503.30 2498.30 2492.90 2486.80 2479.90 2472.90 2466.60 2460.80 2455.00 2449.40 2444.10 2438.60 2433.70 2428.30 2423.30 2417.40 2411.50 2406.10 2400.80 2394.50 2387.50 2381.40 2375.80
2741.80 2736.20 2730.70 2725.60 2721.10 2718.10 2716.80 2713.30 2708.60 2703.60 2698.10 2691.40 2683.60 2674.00 2666.80 2659.20 2652.60 2646.00 2640.10 2633.60 2627.40 2621.30 2615.30 2610.20 2603.20 2597.10 2591.50 2585.30 2579.40 2573.80 2568.30 2563.20 2557.80 2553.00 2549.20 2545.70 2541.60 2537.20 2531.80 2528.00 2523.70 2516.80 2510.40 2505.00 2500.00 2494.00 2488.50 2483.70 2478.70 2473.80 2467.80 2461.80 2455.10 2449.00 2443.10 2437.60 2432.30 2427.00 2421.70 2415.10 2409.00 2403.00 2397.20 2391.50 2384.70 2379.30 2372.20
2741.20 2735.20 2729.70 2724.20 2719.30 2714.50 2712.30 2710.30 2707.20 2702.50 2697.30 2691.70 2684.80 2677.10 2670.30 2663.80 2657.30 2649.70 2642.60 2634.80 2627.80 2620.90 2614.60 2608.70 2602.80 2596.50 2590.30 2584.10 2578.40 2572.60 2566.40 2560.90 2555.60 2550.40 2544.80 2540.40 2536.00 2531.60 2528.30 2524.10 2519.10 2514.60 2510.50 2504.40 2498.30 2492.20 2486.30 2481.60 2476.10 2471.50 2466.60 2461.50 2455.90 2450.80 2444.80 2438.30 2432.30 2426.50 2420.60 2414.30 2407.50 2401.00 2395.50 2389.30 2383.30 2376.90 2370.90
2740.60 2734.80 2729.00 2723.20 2717.80 2712.80 2708.90 2706.90 2704.80 2701.10 2695.40 2690.60 2685.00 2678.70 2672.60 2666.90 2661.00 2653.60 2646.50 2639.20 2631.80 2624.70 2617.40 2610.30 2603.10 2596.50 2590.70 2584.60 2578.60 2571.80 2565.10 2559.30 2553.70 2548.40 2542.50 2537.50 2532.10 2527.60 2523.70 2519.20 2515.30 2510.70 2505.20 2501.80 2498.10 2492.70 2486.70 2480.70 2475.00 2469.00 2464.70 2459.50 2454.90 2449.90 2444.30 2439.00 2433.20 2428.20 2421.50 2414.20 2407.20 2400.40 2393.80 2387.80 2382.30 2375.70 2369.40
2739.60 2734.00 2728.00 2722.30 2716.80 2711.40 2706.30 2703.50 2701.90 2699.70 2694.40 2687.70 2682.20 2676.90 2672.10 2667.00 2661.40 2655.20 2649.00 2642.40 2635.50 2628.60 2621.40 2614.50 2602.90 2595.30 2590.30 2587.40 2579.30 2571.00 2563.00 2557.20 2551.40 2546.00 2540.70 2535.30 2529.70 2524.70 2520.00 2515.50 2511.20 2506.90 2502.10 2496.30 2492.20 2489.00 2485.40 2480.70 2475.10 2469.10 2463.30 2458.40 2453.20 2448.10 2443.00 2437.70 2432.90 2427.30 2422.90 2416.50 2409.40 2401.90 2394.00 2386.70 2380.30 2374.60 2368.10
2738.50 2732.60 2727.00 2721.30 2715.80 2710.20 2704.90 2700.50 2698.80 2696.50 2693.50 2687.10 2681.50 2675.80 2669.80 2664.90 2660.20 2655.10 2649.40 2643.80 2638.00 2631.70 2624.60 2617.60 2609.10 2601.50 2590.60 2580.50 2574.20 2567.60 2561.00 2554.80 2548.80 2543.70 2538.10 2533.10 2527.40 2522.40 2517.40 2512.60 2508.50 2503.10 2498.30 2494.10 2487.40 2483.20 2478.80 2475.70 2471.20 2466.80 2461.90 2456.90 2451.30 2445.80 2440.80 2436.00 2431.20 2426.20 2421.30 2415.00 2408.60 2402.50 2395.50 2388.30 2381.00 2374.00 2367.40
2737.10 2731.30 2725.60 2720.20 2714.60 2709.00 2703.50 2698.30 2695.80 2694.20 2690.20 2684.90 2680.50 2675.30 2669.50 2664.00 2657.80 2652.90 2648.30 2642.80 2637.80 2632.40 2626.50 2620.40 2613.80 2606.10 2598.60 2588.60 2572.90 2565.80 2559.60 2553.20 2547.10 2541.60 2535.80 2530.70 2525.50 2520.80 2515.20 2510.20 2505.10 2500.30 2495.20 2490.50 2485.70 2478.90 2473.70 2469.70 2466.00 2461.70 2456.30 2452.30 2447.90 2443.40 2438.30 2433.20 2428.60 2423.60 2419.80 2414.00 2408.00 2402.00 2394.30 2387.60 2381.50 2375.10 2368.60
2736.80 2730.60 2724.60 2718.80 2713.20 2707.70 2702.10 2697.00 2692.80 2691.10 2688.50 2682.10 2678.10 2673.70 2668.10 2662.40 2657.20 2651.40 2645.70 2640.00 2632.90 2628.70 2623.90 2618.40 2612.80 2605.90 2599.70 2591.80 2577.10 2573.10 2559.20 2551.50 2545.30 2539.40 2533.70 2528.30 2523.50 2518.50 2513.30 2508.10 2502.80 2497.80 2492.80 2487.40 2482.10 2476.40 2470.30 2465.00 2460.60 2456.10 2450.90 2446.20 2442.60 2438.70 2434.60 2429.30 2425.00 2421.30 2415.80 2409.70 2404.00 2398.30 2391.90 2386.70 2380.10 2372.30 2366.00
2736.20 2730.30 2724.00 2718.30 2712.30 2706.50 2700.90 2695.60 2690.90 2687.40 2685.10 2681.70 2675.70 2670.20 2665.50 2660.30 2655.70 2650.50 2644.70 2637.90 2630.60 2623.50 2617.60 2613.10 2607.90 2601.80 2594.60 2583.00 2575.00 2565.70 2558.80 2551.80 2544.90 2538.90 2533.50 2527.40 2521.70 2516.30 2511.10 2506.40 2501.50 2496.40 2491.40 2486.40 2481.00 2475.30 2469.00 2463.10 2457.30 2451.70 2446.30 2441.10 2436.30 2432.60 2429.30 2425.00 2420.50 2416.20 2412.20 2407.60 2401.70 2396.10 2389.20 2382.80 2377.40 2370.90 2364.60
2735.60 2729.60 2723.60 2717.60 2711.60 2705.80 2699.90 2694.40 2689.30 2684.70 2681.90 2678.80 2674.30 2668.30 2663.10 2658.20 2653.40 2648.70 2643.50 2637.60 2631.70 2624.50 2617.20 2610.00 2603.80 2597.80 2592.20 2585.00 2576.10 2568.80 2559.90 2552.50 2546.30 2540.10 2533.70 2527.50 2521.10 2515.30 2509.60 2504.30 2499.80 2495.40 2490.70 2485.60 2480.50 2475.10 2468.10 2461.40 2455.60 2449.00 2443.10 2438.10 2432.60 2427.40 2422.90 2419.10 2415.30 2411.50 2408.60 2403.90 2398.70 2393.80 2388.70 2382.60 2376.40 2370.50 2364.40
2734.50 2728.90 2722.90 2717.00 2711.10 2705.00 2699.00 2693.20 2688.00 2683.20 2679.20 2675.80 2672.20 2668.70 2662.00 2656.40 2650.30 2645.10 2640.30 2634.80 2629.10 2623.50 2617.30 2610.00 2603.50 2596.80 2589.90 2582.70 2575.50 2568.10 2563.00 2557.30 2552.50 2547.30 2539.20 2527.50 2520.10 2513.70 2508.50 2502.90 2497.70 2493.30 2489.20 2485.60 2480.10 2473.30 2466.20 2459.40 2452.70 2445.80 2440.10 2435.10 2429.80 2425.10 2419.50 2414.30 2410.20 2406.80 2403.90 2400.00 2394.80 2390.20 2386.80 2381.40 2375.50 2369.30 2363.70
2733.50 2728.20 2722.40 2716.60 2711.00 2705.10 2699.20 2693.70 2687.60 2682.90 2678.40 2673.80 2669.40 2666.10 2660.90 2654.40 2649.80 2643.80 2637.40 2631.70 2625.30 2619.80 2614.60 2608.90 2602.40 2595.90 2588.30 2581.20 2574.30 2568.00 2561.30 2555.30 2549.70 2543.50 2537.80 2530.30 2521.40 2513.90 2506.30 2500.90 2495.90 2491.20 2487.50 2483.40 2478.80 2472.30 2464.90 2457.90 2450.80 2444.10 2437.90 2432.70 2427.00 2421.80 2416.70 2411.80 2407.20 2402.60 2399.20 2396.00 2391.30 2387.70 2383.30 2378.30 2371.60 2364.70 2359.10
