OpenCAL-CL/examples/CALCL_Sciara/data/2006/2006_000000000000_Morphology.stt
ncols		517
nrows		378
xllcorner	499547.500000
yllcorner	4174982.500000
cellsize	10.000000
NODATA_value	0.000000
[rows 145 to 173 of 378, columns 335 to 401 of 517]
1965.00 1965.00 1965.60 1958.40 1951.70 1944.90 1938.10 1932.90 1929.50 1927.60 1925.70 1923.80 1919.90 1919.10 1921.00 1924.00 1919.80 1919.00 1918.60 1918.30 1919.50 1918.40 1918.60 1916.80 1911.30 1910.90 1910.80 1911.00 1912.00 1911.50 1911.20 1911.20 1909.90 1911.30 1912.80 1912.40 1910.10 1909.60 1908.00 1905.30 1908.00 1908.40 1906.60 1908.10 1904.00 1904.10 1904.90 1904.70 1901.20 1900.90 1901.00 1902.50 1903.50 1903.10 1905.00 1905.50 1905.20 1905.30 1904.40 1903.60 1903.70 1903.80 1903.00 1901.20 1899.90 1895.30 1893.80
1958.50 1958.00 1964.00 1960.00 1952.90 1945.70 1938.80 1932.10 1927.40 1924.60 1922.90 1920.80 1919.10 1916.80 1917.10 1920.20 1920.00 1916.60 1915.80 1917.50 1917.60 1915.10 1916.60 1914.00 1909.30 1909.30 1908.70 1910.30 1909.30 1908.30 1910.20 1908.20 1908.80 1909.00 1911.30 1909.80 1906.10 1906.70 1905.70 1905.60 1905.10 1905.90 1905.20 1905.80 1903.80 1902.70 1904.00 1904.00 1902.20 1902.20 1900.60 1901.30 1901.50 1900.70 1902.90 1902.80 1904.80 1902.90 1901.10 1901.90 1903.30 1904.00 1904.10 1901.90 1899.30 1897.20 1892.90
1953.00 1951.60 1952.70 1955.40 1949.80 1945.60 1938.40 1931.30 1926.30 1922.50 1921.00 1918.60 1916.60 1915.30 1915.50 1915.00 1918.10 1915.80 1915.60 1914.90 1914.60 1913.10 1913.10 1911.10 1907.20 1908.00 1907.00 1907.50 1908.90 1907.40 1907.80 1906.00 1906.50 1906.40 1907.90 1907.40 1904.30 1902.50 1903.20 1903.70 1904.40 1903.80 1904.20 1904.40 1902.30 1902.20 1903.00 1902.80 1902.20 1901.70 1901.30 1901.00 1900.90 1899.90 1901.20 1901.00 1898.40 1896.90 1898.20 1902.10 1900.40 1903.60 1904.40 1901.40 1899.60 1899.70 1893.20
1948.50 1945.70 1945.00 1944.60 1942.00 1943.10 1937.40 1930.50 1924.90 1919.80 1917.60 1916.00 1914.80 1913.60 1912.50 1912.70 1912.80 1915.30 1915.10 1914.30 1913.20 1910.80 1911.80 1909.70 1906.50 1905.80 1906.00 1906.80 1907.40 1906.60 1905.70 1904.60 1904.50 1904.80 1906.40 1903.70 1903.90 1900.40 1900.70 1902.70 1903.20 1902.40 1903.10 1903.30 1902.90 1902.30 1902.70 1902.80 1902.20 1902.10 1901.80 1901.40 1901.40 1899.60 1899.60 1898.00 1897.40 1897.80 1899.00 1901.60 1902.60 1902.00 1902.40 1900.90 1900.30 1899.00 1894.40
1944.70 1941.40 1938.80 1936.40 1935.30 1936.10 1936.10 1929.70 1922.80 1917.70 1914.80 1913.20 1912.80 1911.90 1911.10 1910.80 1911.40 1912.70 1913.80 1913.60 1912.10 1911.80 1909.80 1908.10 1906.50 1906.00 1905.80 1906.60 1906.50 1904.30 1902.30 1903.10 1903.50 1903.50 1905.70 1900.90 1900.40 1900.00 1899.70 1900.00 1902.30 1901.80 1902.70 1902.30 1902.20 1901.90 1903.10 1902.60 1901.20 1900.90 1901.40 1900.90 1900.10 1896.80 1898.40 1898.00 1897.70 1897.10 1898.70 1900.10 1900.60 1897.10 1897.00 1898.60 1899.10 1898.60 1894.60
1942.90 1938.40 1934.70 1932.20 1930.30 1928.60 1928.70 1927.60 1922.10 1916.10 1912.10 1911.00 1911.10 1910.50 1910.90 1910.60 1910.80 1911.10 1913.30 1912.50 1911.30 1910.90 1908.80 1905.60 1904.90 1905.10 1905.50 1905.00 1905.40 1901.40 1900.30 1901.20 1901.10 1900.20 1902.90 1900.00 1899.20 1899.40 1899.00 1898.80 1902.20 1901.80 1901.50 1901.60 1901.80 1903.50 1902.30 1901.50 1900.30 1900.40 1900.70 1900.50 1897.10 1895.60 1896.70 1897.90 1897.30 1896.90 1898.20 1898.80 1897.10 1892.20 1891.90 1896.70 1898.20 1897.90 1894.40
1941.00 1936.10 1932.00 1928.40 1925.80 1923.50 1922.00 1921.50 1920.40 1914.50 1909.80 1908.40 1908.70 1910.00 1910.30 1909.40 1909.60 1910.80 1911.70 1911.80 1910.20 1908.70 1909.00 1903.70 1903.60 1906.10 1905.10 1904.40 1903.40 1899.10 1899.10 1898.80 1899.20 1898.90 1901.10 1900.70 1898.20 1898.20 1898.80 1898.40 1901.30 1900.60 1900.40 1900.60 1901.60 1903.50 1902.80 1901.40 1901.00 1899.90 1900.50 1899.50 1897.50 1895.50 1897.30 1897.30 1896.70 1896.10 1897.60 1896.70 1893.20 1890.50 1889.40 1894.00 1896.10 1896.70 1893.60
1940.10 1934.30 1929.80 1925.90 1922.80 1920.20 1918.00 1916.70 1917.20 1913.30 1908.20 1906.00 1906.70 1908.20 1909.70 1908.90 1908.60 1909.20 1908.90 1910.80 1909.70 1908.00 1907.00 1905.00 1903.00 1905.70 1903.60 1900.90 1900.00 1897.60 1898.30 1898.20 1898.10 1899.10 1900.80 1900.20 1897.90 1897.00 1898.40 1898.10 1898.70 1898.10 1898.40 1899.40 1898.90 1900.20 1902.00 1901.70 1900.40 1900.50 1899.90 1899.70 1897.20 1895.70 1897.00 1896.60 1896.00 1894.00 1894.30 1891.20 1890.00 1888.80 1888.50 1891.10 1894.70 1892.90 1892.30
1938.90 1932.80 1927.20 1923.70 1920.00 1917.00 1915.00 1912.30 1912.90 1910.20 1906.50 1903.80 1904.60 1904.50 1907.30 1907.90 1908.40 1907.70 1907.30 1907.10 1908.20 1907.60 1906.00 1905.20 1904.20 1902.00 1901.90 1898.20 1897.70 1896.60 1896.90 1898.20 1897.90 1898.60 1901.50 1898.10 1897.90 1897.00 1896.70 1897.90 1897.80 1897.60 1897.80 1898.10 1898.40 1898.50 1899.30 1900.10 1900.60 1900.50 1899.60 1898.70 1895.50 1894.00 1895.00 1894.90 1894.80 1890.80 1889.30 1889.70 1888.60 1887.60 1888.10 1889.10 1891.30 1892.50 1890.80
1936.40 1930.70 1925.00 1920.80 1917.80 1914.40 1911.30 1909.20 1907.50 1906.10 1902.90 1900.30 1902.80 1902.80 1902.40 1903.80 1903.30 1905.10 1905.00 1905.40 1906.70 1906.00 1905.20 1904.50 1904.00 1902.00 1901.20 1900.00 1899.40 1899.10 1895.60 1897.50 1897.80 1898.50 1902.50 1899.00 1897.80 1896.30 1895.70 1896.80 1897.40 1897.20 1897.40 1897.70 1897.70 1897.30 1898.80 1900.20 1900.00 1900.90 1899.60 1898.10 1894.40 1893.40 1893.50 1893.70 1895.20 1890.20 1888.90 1888.40 1886.20 1887.30 1888.10 1888.30 1888.80 1888.90 1887.60
1934.10 1928.90 1923.60 1919.20 1914.80 1912.10 1908.50 1905.80 1903.30 1901.60 1899.90 1899.80 1901.00 1901.80 1901.20 1902.30 1901.70 1902.60 1903.50 1904.40 1904.60 1904.50 1903.80 1903.20 1902.60 1902.00 1901.00 1901.30 1899.70 1898.30 1896.50 1896.70 1897.50 1898.80 1901.10 1899.10 1898.00 1895.40 1893.90 1895.30 1897.60 1897.60 1897.80 1897.30 1896.40 1896.10 1898.00 1899.00 1899.80 1900.00 1899.90 1898.00 1894.60 1891.50 1892.70 1892.40 1893.40 1890.50 1887.90 1887.60 1885.90 1886.10 1887.90 1889.10 1886.40 1886.00 1885.90
1932.40 1926.90 1922.10 1917.90 1913.90 1910.10 1905.90 1902.50 1899.10 1897.60 1897.70 1898.80 1900.10 1900.40 1899.20 1900.10 1900.90 1900.70 1901.80 1902.60 1900.90 1900.10 1901.80 1901.40 1902.00 1901.70 1901.50 1900.70 1896.30 1895.60 1895.10 1894.90 1897.00 1899.60 1901.20 1898.10 1897.70 1894.10 1893.30 1894.80 1896.80 1897.90 1897.10 1896.30 1895.80 1896.40 1897.00 1898.60 1899.80 1900.30 1898.40 1895.60 1892.40 1891.50 1892.10 1891.10 1891.70 1892.80 1888.10 1887.40 1886.20 1885.40 1887.00 1887.60 1884.90 1883.90 1884.50
1928.50 1925.10 1920.70 1917.10 1912.30 1908.60 1904.60 1901.10 1897.30 1897.70 1897.40 1898.40 1899.10 1899.80 1899.70 1896.40 1899.20 1899.90 1901.80 1901.50 1899.40 1897.30 1900.60 1899.90 1899.90 1898.30 1898.20 1898.60 1896.00 1895.60 1894.60 1894.60 1896.30 1899.40 1899.40 1897.00 1896.50 1893.50 1892.60 1894.30 1896.70 1898.30 1897.30 1896.30 1895.10 1897.40 1897.60 1897.30 1897.80 1898.60 1897.20 1893.20 1892.10 1890.60 1890.70 1890.60 1891.40 1892.20 1889.90 1886.50 1885.90 1885.90 1885.70 1887.80 1882.90 1882.50 1881.30
1922.50 1920.70 1918.90 1915.20 1911.40 1908.10 1903.80 1900.30 1896.30 1897.40 1897.00 1897.80 1898.40 1899.30 1897.30 1895.40 1897.10 1897.50 1896.70 1896.90 1897.40 1897.80 1899.50 1898.20 1897.50 1897.10 1895.70 1895.90 1894.70 1894.10 1893.90 1895.00 1896.20 1898.10 1894.70 1892.80 1893.70 1892.60 1892.00 1894.80 1896.00 1897.50 1897.30 1895.90 1895.30 1898.20 1896.30 1896.50 1897.60 1896.50 1895.70 1893.30 1892.70 1891.50 1890.30 1890.00 1890.60 1890.80 1890.50 1886.30 1884.20 1886.00 1884.10 1885.40 1882.90 1880.00 1878.50
1918.60 1916.20 1914.00 1912.40 1909.80 1907.60 1904.70 1900.10 1896.40 1896.00 1896.70 1896.60 1895.90 1895.70 1894.70 1895.20 1894.70 1894.70 1893.50 1894.40 1896.30 1898.20 1898.90 1897.20 1896.10 1896.10 1894.60 1894.10 1894.70 1893.90 1894.00 1894.80 1895.00 1897.30 1894.90 1890.90 1893.40 1892.70 1892.80 1894.50 1895.20 1896.90 1896.10 1895.70 1895.90 1897.70 1896.10 1897.30 1896.40 1895.40 1895.00 1893.80 1893.10 1892.10 1889.60 1889.90 1890.30 1890.10 1890.30 1888.30 1883.90 1886.30 1884.00 1881.70 1883.70 1880.20 1876.70
1914.60 1912.40 1910.40 1908.10 1906.30 1905.20 1904.90 1900.80 1896.50 1895.20 1895.90 1895.70 1894.70 1892.00 1892.10 1892.20 1894.20 1893.60 1893.20 1892.70 1895.10 1897.10 1897.80 1896.40 1895.60 1895.90 1894.70 1895.30 1895.00 1893.80 1894.20 1894.20 1894.40 1896.10 1895.90 1891.40 1893.50 1892.40 1892.60 1893.50 1894.50 1895.30 1896.00 1895.50 1896.70 1895.50 1897.10 1896.50 1895.70 1894.30 1893.60 1892.70 1892.90 1892.30 1889.90 1889.20 1890.60 1891.00 1890.30 1889.60 1887.10 1883.90 1884.50 1881.20 1881.20 1881.00 1875.80
1912.00 1909.00 1906.70 1904.40 1902.80 1901.10 1900.20 1898.20 1895.00 1893.70 1894.30 1894.50 1893.70 1892.90 1890.40 1889.70 1892.70 1893.10 1893.50 1892.40 1893.30 1895.00 1895.10 1896.50 1895.20 1895.40 1894.90 1894.90 1894.90 1893.60 1894.00 1893.50 1893.90 1893.40 1894.30 1894.00 1891.00 1890.70 1892.00 1892.70 1895.60 1896.40 1895.20 1894.70 1895.80 1892.60 1895.30 1894.00 1890.60 1891.60 1891.60 1890.20 1887.40 1888.90 1887.90 1886.20 1888.50 1891.10 1891.40 1888.60 1886.20 1884.00 1883.10 1881.40 1879.60 1880.10 1875.30
1909.30 1906.60 1904.10 1901.60 1899.20 1898.10 1896.20 1894.50 1893.10 1891.40 1891.40 1891.80 1893.40 1892.90 1891.10 1890.80 1891.80 1892.60 1892.80 1889.80 1888.80 1892.30 1892.00 1895.80 1894.90 1895.30 1895.30 1894.90 1894.20 1893.50 1893.60 1893.40 1893.20 1892.60 1892.50 1893.00 1891.30 1889.40 1892.70 1893.00 1894.30 1896.30 1895.40 1894.50 1894.50 1892.30 1893.70 1890.10 1886.20 1885.60 1887.50 1885.80 1882.40 1885.20 1885.40 1884.20 1886.70 1888.60 1888.90 1885.70 1882.80 1883.10 1881.20 1879.20 1877.50 1876.10 1873.80
1907.40 1904.90 1902.30 1899.60 1897.10 1895.80 1894.00 1892.00 1890.30 1890.30 1890.70 1891.20 1890.80 1891.10 1891.00 1890.30 1889.90 1891.50 1890.40 1888.40 1889.20 1890.00 1892.60 1894.90 1895.30 1895.40 1896.60 1896.40 1894.00 1894.00 1893.20 1893.90 1893.00 1892.80 1893.30 1891.30 1890.50 1889.90 1894.30 1893.80 1894.60 1894.90 1893.90 1892.30 1893.30 1890.40 1891.10 1888.10 1885.10 1882.70 1881.60 1880.40 1882.60 1883.30 1883.50 1883.00 1884.30 1884.20 1882.60 1883.20 1883.10 1881.20 1881.60 1878.10 1877.20 1875.00 1872.00
1905.70 1903.30 1899.80 1897.60 1895.60 1893.40 1891.30 1888.90 1888.70 1889.50 1890.40 1890.60 1890.20 1888.40 1887.70 1887.40 1888.60 1887.90 1887.00 1887.50 1888.40 1889.40 1892.70 1893.80 1894.10 1894.90 1895.50 1897.20 1895.60 1894.30 1893.80 1893.30 1894.10 1891.30 1891.20 1890.30 1889.50 1889.90 1893.10 1892.90 1892.00 1894.20 1894.20 1892.30 1891.90 1891.20 1889.00 1887.60 1884.40 1882.30 1880.40 1881.30 1881.60 1881.40 1881.40 1881.60 1882.80 1882.70 1879.90 1881.90 1882.30 1879.70 1880.50 1879.70 1878.20 1876.60 1872.20
1904.70 1902.00 1899.50 1896.80 1895.00 1892.00 1890.40 1889.30 1888.80 1888.70 1888.70 1889.70 1889.00 1885.60 1886.70 1886.80 1886.40 1885.30 1885.30 1885.90 1889.60 1892.20 1892.70 1892.20 1892.80 1895.20 1894.70 1893.10 1896.40 1894.50 1893.10 1893.20 1893.10 1891.40 1890.50 1890.20 1889.60 1889.70 1891.10 1891.70 1892.50 1892.50 1892.20 1891.20 1892.20 1891.10 1890.40 1888.70 1886.20 1882.80 1881.10 1881.20 1880.70 1881.20 1880.50 1880.50 1880.50 1880.90 1880.60 1879.50 1879.60 1878.10 1878.70 1877.90 1876.30 1877.00 1875.40
1905.00 1902.20 1899.60 1896.90 1894.40 1892.20 1890.90 1889.30 1888.70 1888.60 1887.80 1887.20 1885.70 1886.00 1885.10 1886.50 1886.10 1887.90 1890.20 1890.00 1890.40 1891.80 1891.40 1892.50 1892.50 1894.00 1894.00 1892.50 1892.40 1893.70 1892.60 1893.10 1892.90 1893.00 1891.30 1889.80 1890.10 1890.90 1890.30 1891.80 1892.50 1892.20 1889.80 1889.20 1889.60 1891.20 1889.50 1888.50 1886.30 1885.20 1880.80 1880.80 1880.10 1880.50 1881.00 1879.60 1878.60 1879.60 1881.10 1877.50 1875.70 1874.40 1874.20 1876.40 1874.70 1874.50 1871.90
1904.80 1902.20 1899.50 1897.50 1895.00 1892.10 1890.10 1888.60 1888.10 1887.80 1887.60 1887.30 1887.00 1885.80 1883.40 1886.10 1889.30 1890.60 1891.00 1891.30 1891.20 1891.30 1891.50 1891.90 1892.00 1893.50 1893.90 1892.20 1891.50 1892.80 1892.50 1893.10 1891.70 1892.60 1890.60 1890.20 1890.00 1891.10 1890.40 1891.20 1891.20 1890.70 1890.00 1889.30 1887.90 1890.10 1888.90 1889.10 1886.50 1884.50 1882.90 1880.80 1879.90 1880.50 1879.80 1879.30 1876.80 1877.40 1877.00 1878.40 1874.10 1873.30 1871.30 1872.10 1872.50 1871.70 1869.60
1904.70 1902.80 1899.80 1896.80 1895.10 1892.70 1890.10 1888.10 1887.60 1887.30 1887.50 1887.40 1887.20 1887.10 1885.60 1886.60 1889.80 1890.70 1890.80 1890.60 1890.70 1890.70 1890.80 1891.70 1891.00 1891.30 1892.40 1892.20 1890.80 1890.90 1892.00 1890.60 1891.20 1891.40 1889.20 1888.10 1889.20 1891.40 1890.10 1890.70 1890.90 1890.60 1889.30 1887.90 1886.50 1887.60 1888.60 1887.60 1883.60 1882.20 1882.10 1880.30 1879.60 1879.40 1878.90 1877.40 1876.50 1875.20 1874.40 1875.00 1871.60 1870.90 1868.40 1868.40 1870.20 1870.10 1868.30
1905.80 1903.30 1900.70 1897.30 1895.30 1892.90 1890.30 1888.10 1887.60 1887.30 1887.50 1887.30 1887.20 1886.60 1886.20 1886.90 1888.60 1891.00 1890.90 1890.80 1890.40 1890.10 1890.20 1890.40 1890.00 1889.60 1891.20 1890.40 1890.60 1889.80 1889.60 1890.20 1890.30 1890.20 1889.60 1887.80 1889.30 1891.30 1890.50 1891.30 1891.10 1891.70 1889.90 1888.50 1886.50 1886.00 1889.30 1887.10 1885.10 1880.60 1881.20 1879.50 1878.20 1877.10 1876.50 1875.40 1874.50 1873.40 1872.50 1871.40 1868.60 1866.80 1866.30 1866.90 1870.70 1869.80 1868.10
1904.90 1903.40 1900.10 1897.50 1895.60 1892.90 1890.70 1888.60 1886.80 1886.70 1887.10 1887.00 1886.90 1886.60 1886.40 1886.10 1887.20 1890.80 1890.70 1887.80 1890.30 1889.80 1889.30 1889.70 1889.80 1888.80 1890.20 1890.00 1890.60 1889.50 1887.60 1888.80 1888.30 1888.70 1888.60 1888.00 1889.70 1891.50 1890.60 1890.60 1890.50 1890.00 1889.30 1888.00 1886.30 1885.00 1887.80 1888.20 1883.50 1881.70 1879.10 1876.60 1876.40 1876.30 1874.90 1875.00 1872.90 1872.20 1870.60 1868.60 1867.50 1865.30 1865.00 1866.70 1868.50 1870.10 1868.00
1905.30 1903.30 1900.60 1897.90 1895.70 1892.00 1890.20 1888.20 1886.80 1886.80 1886.70 1887.20 1886.90 1886.70 1886.50 1886.10 1884.90 1888.80 1888.20 1887.70 1888.80 1889.10 1888.90 1889.70 1889.70 1888.60 1889.80 1889.30 1890.60 1889.60 1887.40 1887.30 1886.40 1886.70 1888.00 1888.30 1889.60 1889.10 1892.30 1891.30 1891.40 1890.40 1889.80 1888.60 1886.60 1885.30 1887.10 1888.40 1885.30 1882.00 1879.90 1877.60 1876.20 1875.10 1874.40 1872.70 1873.20 1870.80 1868.40 1867.00 1867.10 1866.30 1865.30 1866.70 1867.70 1867.70 1864.40
1906.00 1903.90 1901.60 1898.70 1896.80 1893.20 1889.40 1888.40 1887.40 1886.60 1886.80 1886.60 1887.00 1886.20 1886.30 1886.10 1886.10 1886.90 1887.90 1887.90 1887.60 1888.80 1888.70 1889.30 1888.20 1888.20 1889.00 1888.30 1889.10 1888.20 1887.30 1887.50 1886.60 1886.80 1887.40 1888.40 1888.70 1889.00 1889.50 1890.80 1890.00 1890.60 1890.40 1890.30 1889.10 1887.50 1885.60 1887.20 1887.10 1883.70 1881.60 1880.30 1879.50 1876.40 1873.40 1871.30 1869.50 1870.60 1867.20 1865.20 1866.10 1866.40 1865.40 1864.70 1868.20 1866.30 1864.20
1905.30 1903.30 1901.40 1899.00 1896.10 1893.50 1890.80 1888.30 1886.40 1886.10 1886.70 1886.50 1886.20 1886.30 1886.30 1885.90 1886.40 1888.00 1886.90 1887.40 1887.40 1888.70 1888.30 1887.90 1887.80 1888.10 1887.40 1886.30 1887.00 1885.90 1887.20 1887.20 1886.90 1886.40 1885.50 1885.30 1884.80 1887.30 1887.70 1890.50 1889.80 1889.20 1889.00 1890.10 1888.90 1886.90 1884.30 1883.20 1885.40 1885.40 1881.90 1881.50 1878.60 1875.80 1872.40 1870.30 1868.00 1867.10 1865.40 1864.10 1864.80 1864.00 1863.60 1862.40 1865.90 1866.00 1864.00
