OpenCAL-CL/examples/CALCL_Sciara/data/2006/2006_000000000000_Morphology.stt
ncols		517
nrows		378
xllcorner	499547.500000
yllcorner	4174982.500000
cellsize	10.000000
NODATA_value	0.000000
[rows 58 to 86 of 378, columns 0 to 66 of 517]
3310.80 3311.30 3310.20 3310.50 3309.00 3310.00 3310.90 3311.60 3312.00 3315.30 3317.30 3320.10 3323.20 3326.00 3329.10 3331.60 3332.60 3331.50 3329.00 3325.30 3320.60 3315.00 3309.40 3303.90 3298.00 3292.30 3286.10 3280.50 3274.20 3266.90 3259.90 3252.50 3246.20 3240.00 3233.60 3227.30 3221.40 3213.80 3207.30 3202.80 3197.20 3189.10 3184.90 3178.60 3172.30 3166.10 3160.10 3154.90 3150.10 3146.80 3144.80 3147.00 3144.50 3139.30 3137.80 3137.60 3136.10 3134.30 3132.90 3131.30 3131.40 3129.80 3129.40 3128.40 3127.30 3126.40 3123.90
3318.50 3317.30 3316.10 3315.60 3316.20 3316.10 3318.00 3318.50 3319.30 3321.20 3323.40 3325.60 3328.10 3330.90 3333.00 3333.70 3332.40 3330.10 3327.70 3324.50 3320.30 3314.80 3309.70 3304.10 3297.60 3291.20 3284.40 3278.30 3272.70 3266.80 3259.90 3252.90 3246.50 3240.30 3234.30 3228.40 3222.20 3214.20 3208.10 3203.50 3199.10 3189.90 3185.10 3179.00 3172.60 3166.10 3160.40 3155.30 3151.00 3148.30 3147.70 3150.30 3146.30 3140.20 3138.80 3138.00 3136.40 3135.00 3132.80 3133.90 3133.80 3132.60 3131.70 3130.40 3129.40 3127.30 3125.50
3324.40 3323.40 3323.20 3322.20 3322.40 3323.30 3324.20 3324.80 3325.30 3327.20 3329.00 3331.30 3333.40 3334.50 3334.10 3332.50 3330.50 3328.40 3326.10 3323.60 3319.80 3313.70 3309.30 3303.10 3296.40 3289.80 3283.50 3276.90 3270.90 3265.00 3259.20 3252.90 3246.80 3241.00 3234.70 3228.90 3224.00 3215.40 3208.20 3204.20 3198.70 3192.20 3185.80 3179.90 3173.10 3166.90 3160.80 3156.00 3151.90 3148.90 3147.10 3147.70 3145.60 3141.30 3139.70 3139.10 3136.10 3135.20 3135.20 3137.30 3135.40 3134.70 3133.70 3132.90 3131.60 3130.10 3127.20
3330.40 3329.40 3328.70 3328.20 3327.40 3327.80 3328.10 3329.40 3331.00 3333.10 3334.70 3336.60 3337.10 3335.30 3333.00 3330.50 3328.50 3326.60 3324.60 3322.60 3319.60 3312.90 3308.40 3302.40 3296.30 3289.30 3283.00 3276.20 3269.80 3263.80 3258.30 3252.80 3246.90 3241.10 3235.40 3231.10 3224.60 3215.80 3208.80 3205.10 3199.40 3193.30 3186.60 3180.70 3173.80 3167.40 3162.20 3157.60 3153.20 3149.60 3146.90 3145.90 3144.60 3141.70 3139.90 3139.40 3137.80 3137.90 3137.30 3138.70 3138.10 3137.60 3136.10 3134.50 3133.10 3131.50 3129.80
3335.30 3335.80 3335.20 3334.30 3333.50 3331.90 3332.80 3334.50 3334.80 3337.50 3339.10 3339.30 3337.10 3334.30 3331.10 3328.70 3326.30 3324.70 3323.00 3321.40 3318.70 3312.50 3307.50 3301.40 3294.80 3288.60 3282.00 3275.30 3269.10 3262.80 3257.20 3251.90 3246.60 3241.20 3235.70 3231.20 3224.20 3215.40 3209.30 3205.90 3200.10 3193.80 3187.30 3181.00 3174.10 3168.40 3163.30 3159.20 3155.10 3151.20 3147.80 3146.50 3144.00 3141.40 3140.60 3139.70 3139.40 3140.40 3140.80 3140.80 3140.80 3140.10 3138.40 3136.60 3135.80 3134.70 3131.10
3341.40 3342.70 3342.00 3340.70 3338.90 3338.40 3339.10 3339.20 3340.60 3341.30 3341.10 3339.00 3336.10 3332.70 3329.30 3326.70 3324.40 3321.70 3321.40 3320.30 3317.80 3311.40 3306.30 3300.00 3293.80 3287.70 3281.30 3274.80 3268.70 3262.30 3256.90 3251.80 3247.10 3241.90 3237.90 3231.90 3224.30 3215.50 3210.10 3206.80 3200.30 3193.70 3187.40 3180.80 3174.00 3169.20 3164.10 3161.00 3156.90 3152.90 3148.90 3146.80 3143.90 3143.00 3140.80 3140.10 3140.10 3142.40 3143.40 3143.50 3143.20 3142.50 3140.60 3139.00 3138.70 3135.80 3133.70
3349.70 3349.70 3348.60 3346.80 3345.00 3344.00 3343.70 3343.80 3344.10 3343.40 3340.80 3337.70 3334.20 3330.50 3327.40 3324.40 3322.70 3320.90 3319.80 3318.80 3316.60 3309.90 3304.50 3298.40 3292.80 3286.80 3280.90 3274.80 3268.50 3262.20 3256.80 3252.10 3247.70 3243.30 3238.80 3232.30 3224.60 3216.10 3211.60 3206.50 3200.00 3193.60 3187.00 3180.10 3174.80 3170.40 3165.80 3160.90 3156.80 3153.10 3149.50 3146.90 3144.70 3142.90 3141.50 3140.60 3142.10 3144.20 3145.50 3146.30 3145.50 3144.70 3142.90 3141.50 3140.70 3138.30 3136.70
3354.50 3357.50 3355.20 3353.00 3351.10 3349.70 3348.50 3346.70 3344.20 3342.00 3339.20 3335.70 3332.30 3328.30 3325.50 3324.00 3322.00 3319.90 3318.60 3317.20 3314.30 3308.40 3302.60 3296.90 3291.40 3285.80 3280.00 3274.10 3268.10 3262.10 3257.30 3253.20 3248.50 3243.10 3238.30 3231.50 3224.00 3216.90 3211.10 3206.50 3200.10 3193.70 3187.10 3180.70 3175.50 3170.30 3166.10 3161.70 3157.80 3155.10 3151.50 3148.80 3147.00 3145.20 3143.70 3143.50 3144.00 3145.70 3147.70 3148.10 3147.80 3147.00 3146.20 3144.80 3142.80 3141.20 3138.60
3342.60 3359.30 3360.50 3357.80 3355.10 3352.00 3348.20 3344.60 3341.20 3338.60 3336.00 3332.90 3329.90 3326.50 3324.50 3324.20 3321.60 3318.70 3317.10 3315.50 3311.20 3306.70 3301.30 3295.40 3290.00 3284.80 3278.90 3273.20 3267.30 3262.10 3257.70 3253.60 3248.40 3242.60 3237.20 3230.30 3223.80 3219.00 3212.80 3206.70 3200.60 3194.10 3187.60 3181.70 3176.70 3172.10 3168.30 3163.90 3159.80 3157.70 3155.40 3153.20 3151.50 3149.90 3149.00 3148.20 3147.90 3148.50 3149.50 3150.80 3149.90 3149.30 3148.90 3147.50 3145.20 3143.20 3139.90
3332.30 3351.00 3357.70 3357.00 3353.30 3349.40 3345.40 3341.30 3337.60 3334.40 3332.40 3330.40 3328.10 3325.50 3324.40 3323.40 3320.90 3318.30 3316.60 3313.90 3308.90 3305.00 3300.20 3294.80 3289.30 3283.80 3278.10 3272.60 3266.90 3262.20 3258.10 3253.60 3248.20 3242.10 3236.50 3230.60 3224.90 3219.00 3213.00 3207.10 3200.90 3194.90 3188.60 3183.30 3178.80 3175.30 3171.20 3166.80 3164.60 3162.20 3159.80 3158.00 3156.60 3155.50 3154.30 3153.30 3153.20 3152.90 3153.00 3153.40 3152.40 3151.60 3150.20 3148.20 3146.40 3143.40 3140.30
3329.50 3345.00 3351.70 3353.00 3350.00 3346.20 3342.00 3338.20 3334.60 3332.00 3330.30 3328.80 3326.80 3324.80 3323.00 3321.60 3320.10 3317.20 3315.60 3312.40 3307.10 3303.10 3298.80 3294.10 3288.50 3283.10 3277.40 3272.20 3267.10 3262.70 3258.70 3253.70 3248.00 3242.00 3236.20 3230.30 3224.60 3218.70 3213.00 3207.40 3201.60 3195.60 3190.30 3186.30 3182.60 3179.20 3175.80 3172.70 3170.00 3167.40 3165.10 3163.50 3162.10 3160.80 3160.10 3159.60 3159.00 3158.40 3157.90 3157.10 3156.30 3154.50 3152.10 3149.60 3147.50 3144.30 3141.20
3331.50 3338.30 3344.80 3348.60 3346.50 3343.10 3339.70 3336.50 3333.90 3331.50 3329.60 3327.40 3325.20 3323.50 3321.40 3320.10 3319.20 3316.80 3314.40 3310.90 3305.80 3302.00 3298.00 3293.50 3288.50 3283.10 3277.50 3272.20 3267.30 3262.90 3258.80 3253.40 3247.60 3241.50 3235.60 3229.80 3223.90 3218.40 3212.70 3207.30 3202.10 3197.80 3194.10 3190.70 3187.50 3184.10 3181.50 3178.50 3175.60 3172.80 3170.70 3169.00 3167.90 3167.50 3168.40 3166.80 3165.20 3164.30 3163.00 3162.00 3160.70 3158.30 3155.80 3153.20 3150.30 3147.60 3144.70
3327.10 3333.40 3341.10 3344.90 3342.70 3339.90 3336.80 3334.10 3331.50 3329.20 3327.30 3325.80 3323.40 3321.80 3320.20 3319.40 3318.60 3316.70 3313.70 3308.70 3305.80 3302.10 3298.40 3293.90 3289.00 3283.50 3277.80 3272.50 3267.40 3263.00 3258.20 3252.70 3247.00 3241.10 3235.20 3229.20 3223.60 3218.10 3212.90 3208.70 3205.30 3202.20 3199.10 3195.80 3193.10 3190.50 3187.70 3184.50 3181.60 3178.80 3176.50 3175.00 3174.40 3175.30 3175.80 3173.00 3171.70 3170.90 3169.10 3167.30 3165.30 3162.90 3160.50 3157.90 3154.90 3152.50 3149.00
3323.70 3329.90 3337.40 3340.60 3338.60 3335.80 3332.90 3330.70 3328.40 3326.20 3324.90 3323.90 3321.40 3319.20 3318.00 3317.40 3317.00 3315.80 3313.10 3308.20 3305.50 3302.30 3298.40 3293.00 3287.50 3282.20 3276.60 3271.30 3266.10 3261.20 3256.30 3251.20 3245.80 3240.30 3234.70 3229.20 3223.90 3219.20 3215.90 3213.30 3210.30 3207.60 3204.90 3202.20 3199.50 3196.80 3193.60 3190.70 3187.70 3185.10 3182.90 3181.20 3181.20 3182.10 3181.80 3179.80 3178.50 3177.50 3175.70 3173.40 3171.30 3168.30 3165.70 3163.10 3160.70 3158.20 3153.60
3321.40 3327.70 3334.80 3335.90 3334.10 3331.40 3329.10 3327.10 3325.10 3323.60 3322.60 3321.30 3318.60 3315.90 3314.70 3314.40 3313.90 3313.50 3310.90 3307.00 3303.50 3300.20 3296.10 3290.80 3285.30 3279.70 3273.90 3268.50 3263.10 3258.30 3253.90 3249.00 3244.40 3239.70 3234.70 3230.10 3226.10 3223.40 3220.80 3218.50 3216.20 3213.90 3211.60 3208.60 3205.90 3202.80 3199.90 3197.50 3194.20 3191.70 3189.30 3188.20 3187.70 3188.60 3188.10 3186.30 3185.50 3184.70 3182.20 3179.80 3177.30 3174.30 3172.20 3170.00 3167.20 3164.60 3158.30
3320.30 3326.50 3331.80 3331.30 3329.30 3327.10 3325.20 3323.50 3322.20 3320.90 3320.20 3318.50 3315.40 3313.00 3311.60 3311.30 3311.10 3309.90 3307.70 3303.60 3300.20 3296.90 3292.90 3288.30 3282.90 3277.30 3271.60 3265.90 3260.30 3256.00 3251.70 3247.50 3243.60 3239.70 3235.60 3232.70 3230.70 3228.70 3226.80 3225.10 3222.80 3220.80 3217.90 3215.20 3212.60 3209.50 3206.70 3204.20 3200.80 3198.30 3196.10 3194.80 3194.50 3194.40 3194.30 3193.10 3192.70 3191.90 3188.90 3186.50 3183.70 3181.10 3180.40 3177.50 3174.80 3169.60 3162.50
3320.10 3326.70 3327.60 3326.60 3324.70 3322.80 3321.30 3320.20 3319.20 3318.20 3317.50 3315.20 3312.40 3310.70 3310.00 3309.70 3309.20 3307.70 3305.10 3301.10 3297.30 3293.70 3289.90 3285.40 3280.70 3275.40 3269.70 3263.90 3258.40 3253.90 3250.30 3246.90 3243.50 3241.00 3238.90 3237.80 3236.50 3235.10 3233.30 3231.70 3229.50 3227.20 3224.90 3221.90 3218.80 3216.20 3213.60 3210.60 3207.40 3204.90 3202.90 3201.20 3200.40 3200.00 3199.80 3199.60 3199.90 3199.20 3196.30 3193.10 3190.30 3190.30 3191.30 3185.50 3179.80 3172.50 3165.90
3322.90 3324.50 3323.40 3322.00 3320.30 3318.90 3317.90 3317.20 3316.30 3315.60 3314.40 3312.30 3310.20 3309.20 3308.80 3308.20 3307.40 3305.50 3302.60 3299.10 3295.00 3291.30 3287.30 3283.00 3278.70 3273.70 3268.60 3263.00 3256.90 3252.80 3249.60 3247.20 3245.40 3244.80 3244.50 3243.90 3243.00 3242.00 3240.30 3238.60 3236.30 3233.90 3231.60 3228.60 3225.60 3222.60 3220.10 3217.10 3214.50 3211.70 3209.50 3207.60 3206.30 3205.60 3205.60 3206.90 3208.90 3207.60 3202.90 3200.20 3198.60 3198.60 3200.90 3191.60 3182.30 3174.50 3169.10
3321.60 3320.70 3319.10 3318.00 3316.70 3315.60 3314.80 3314.40 3313.70 3312.90 3311.70 3309.90 3308.80 3308.30 3307.60 3306.60 3304.60 3302.80 3300.00 3296.50 3292.80 3289.20 3285.20 3281.20 3276.90 3272.30 3267.80 3262.70 3255.60 3251.60 3250.00 3249.50 3249.50 3250.40 3250.60 3250.60 3249.90 3249.10 3247.30 3245.30 3243.00 3240.90 3238.20 3234.90 3232.20 3229.30 3226.60 3223.90 3221.90 3218.50 3215.70 3213.90 3212.30 3211.80 3211.80 3213.80 3215.00 3212.20 3211.50 3208.20 3207.50 3205.40 3192.10 3184.00 3175.60 3170.30 3166.00
3318.20 3317.00 3315.50 3314.70 3313.70 3312.80 3312.20 3311.70 3311.10 3310.40 3309.50 3308.50 3307.80 3307.10 3306.00 3304.10 3302.00 3299.70 3297.20 3293.90 3290.50 3286.80 3283.10 3279.20 3275.30 3271.00 3266.80 3262.00 3255.70 3250.80 3252.30 3253.90 3255.40 3256.50 3257.30 3257.70 3256.80 3256.00 3254.40 3252.10 3250.10 3247.60 3244.70 3241.70 3238.70 3235.90 3233.20 3230.30 3227.70 3224.60 3221.90 3219.90 3218.40 3217.90 3218.40 3221.70 3217.70 3215.60 3214.50 3210.50 3202.20 3197.30 3200.80 3192.00 3175.00 3168.90 3164.70
3315.00 3313.90 3312.80 3312.00 3311.40 3310.90 3310.60 3310.20 3309.70 3309.20 3308.60 3308.00 3307.10 3305.70 3303.80 3301.40 3298.70 3296.50 3293.70 3290.60 3287.30 3284.10 3280.70 3277.10 3273.50 3269.60 3265.70 3261.20 3256.90 3253.10 3255.10 3259.10 3261.30 3263.10 3264.10 3264.40 3263.70 3262.80 3261.10 3258.80 3257.30 3254.20 3251.40 3248.30 3245.00 3242.60 3239.50 3236.60 3233.60 3230.70 3227.70 3225.40 3224.10 3224.40 3225.00 3218.20 3215.90 3214.60 3214.60 3211.60 3210.00 3204.00 3197.40 3189.50 3178.20 3169.30 3163.80
3312.50 3311.40 3310.70 3310.40 3310.00 3309.70 3309.60 3309.50 3309.30 3308.80 3308.30 3307.20 3305.80 3303.70 3301.00 3298.00 3295.40 3292.80 3289.90 3286.90 3284.10 3281.10 3278.10 3274.90 3271.70 3268.30 3265.30 3262.40 3260.80 3258.40 3260.00 3264.20 3267.10 3269.60 3271.00 3271.10 3270.50 3269.80 3267.90 3266.00 3263.90 3260.80 3258.20 3254.70 3251.80 3249.30 3246.10 3242.30 3239.40 3235.60 3232.20 3229.80 3229.00 3224.50 3217.40 3217.20 3217.30 3215.00 3212.60 3209.50 3205.20 3198.40 3191.40 3184.80 3177.20 3169.50 3162.80
3310.20 3309.60 3309.20 3309.00 3308.90 3308.70 3308.80 3309.00 3308.60 3308.20 3307.40 3306.00 3303.80 3300.80 3297.70 3294.60 3291.80 3288.90 3286.00 3283.20 3280.70 3278.10 3275.30 3272.40 3269.70 3266.90 3265.30 3264.90 3265.40 3264.80 3265.30 3269.40 3273.70 3276.20 3277.50 3277.80 3277.50 3276.80 3275.60 3273.20 3270.20 3267.50 3264.50 3261.50 3258.30 3254.90 3251.20 3246.80 3242.10 3238.00 3234.80 3231.60 3226.60 3221.10 3218.80 3219.10 3219.00 3214.30 3209.60 3205.10 3199.70 3193.60 3186.90 3180.40 3173.20 3166.30 3159.30
3308.60 3308.30 3308.20 3308.00 3307.90 3307.70 3307.80 3307.70 3307.30 3306.50 3305.30 3303.30 3300.60 3297.40 3294.30 3291.10 3288.00 3284.90 3282.00 3279.30 3277.00 3274.70 3272.30 3270.00 3267.90 3266.50 3267.30 3269.40 3270.40 3271.70 3271.90 3274.60 3279.60 3282.80 3284.50 3285.10 3284.30 3283.50 3282.20 3279.90 3276.80 3274.20 3270.90 3267.00 3262.40 3257.40 3252.60 3248.10 3243.90 3240.20 3237.00 3233.50 3229.10 3224.90 3222.70 3223.70 3219.40 3213.80 3208.50 3202.60 3196.60 3189.90 3183.20 3176.40 3169.80 3163.10 3156.10
3307.70 3307.50 3307.20 3306.80 3306.80 3306.50 3306.10 3305.50 3304.60 3303.20 3301.70 3299.60 3296.40 3293.70 3290.60 3287.30 3283.90 3280.90 3278.00 3275.30 3273.00 3271.00 3269.20 3267.80 3267.00 3268.00 3270.80 3274.00 3276.20 3278.00 3279.40 3281.40 3285.00 3289.50 3291.70 3292.00 3291.60 3290.40 3289.20 3286.30 3283.00 3280.10 3275.60 3269.80 3264.30 3258.60 3254.00 3249.80 3246.30 3243.30 3240.90 3238.20 3235.00 3232.70 3230.10 3226.00 3219.90 3214.20 3207.70 3200.90 3194.20 3187.60 3180.50 3173.70 3166.90 3160.30 3153.70
3307.30 3306.70 3305.90 3305.40 3304.90 3304.00 3303.10 3302.00 3300.50 3299.10 3297.10 3294.70 3292.40 3289.60 3286.30 3283.20 3279.80 3276.80 3273.90 3271.30 3269.20 3267.40 3266.00 3265.60 3267.40 3270.80 3275.10 3278.90 3282.30 3284.20 3286.20 3288.30 3291.20 3295.30 3298.80 3298.90 3298.30 3297.30 3295.30 3292.10 3288.50 3283.70 3278.00 3272.30 3266.40 3260.80 3256.40 3253.10 3250.50 3248.30 3246.20 3243.40 3240.10 3236.80 3232.90 3227.10 3220.90 3214.30 3207.10 3200.00 3192.80 3185.70 3178.90 3172.00 3165.00 3158.10 3151.50
3306.80 3305.60 3304.40 3303.10 3301.90 3300.60 3299.10 3297.60 3296.10 3294.10 3292.10 3290.10 3287.90 3285.20 3282.20 3278.90 3275.70 3272.80 3270.00 3267.40 3265.50 3263.90 3263.50 3265.60 3269.70 3274.70 3279.90 3284.10 3287.90 3290.20 3292.70 3295.40 3298.40 3301.50 3305.50 3306.00 3305.50 3303.80 3301.20 3297.10 3292.20 3286.50 3280.70 3275.00 3269.60 3265.00 3261.40 3258.80 3256.60 3254.30 3252.00 3248.30 3244.30 3239.70 3234.00 3227.50 3220.40 3213.60 3206.30 3199.20 3191.90 3184.80 3177.80 3170.80 3163.90 3156.70 3149.80
3305.20 3303.70 3301.80 3300.00 3298.30 3296.50 3295.00 3293.30 3290.80 3289.00 3287.30 3285.10 3282.90 3280.30 3277.80 3274.90 3271.80 3268.80 3266.00 3263.40 3261.70 3261.00 3262.80 3267.70 3273.10 3278.60 3283.60 3288.50 3293.20 3296.30 3299.20 3302.30 3306.30 3309.00 3311.50 3313.00 3311.70 3309.70 3305.80 3301.00 3295.50 3289.80 3284.40 3279.00 3274.30 3270.50 3267.60 3265.10 3262.80 3259.80 3256.60 3252.70 3247.40 3241.50 3234.00 3227.20 3220.20 3213.00 3206.10 3198.80 3191.50 3184.60 3177.00 3169.90 3162.60 3155.80 3148.70
3302.20 3300.20 3298.20 3296.20 3294.30 3292.40 3290.60 3288.00 3286.10 3284.20 3281.90 3279.80 3277.80 3275.50 3273.00 3270.40 3267.60 3265.00 3262.20 3259.70 3258.50 3259.50 3264.20 3270.10 3275.70 3281.60 3287.40 3292.20 3297.50 3302.00 3305.50 3309.20 3313.70 3317.30 3315.30 3312.70 3316.20 3314.80 3310.00 3304.60 3299.20 3293.50 3288.40 3283.50 3279.70 3276.50 3273.90 3271.30 3268.60 3264.90 3260.40 3255.30 3248.80 3242.20 3234.50 3227.30 3220.10 3213.10 3205.50 3198.10 3191.20 3183.90 3176.40 3169.20 3161.70 3154.60 3147.60
