OpenCAL-CL/examples/CALCL_Sciara/data/2006/2006_000000000000_Morphology.stt
ncols		517
nrows		378
xllcorner	499547.500000
yllcorner	4174982.500000
cellsize	10.000000
NODATA_value	0.000000
[rows 290 to 318 of 378, columns 201 to 267 of 517]
2330.10 2323.60 2317.10 2310.80 2304.30 2298.00 2291.60 2285.60 2280.10 2274.40 2269.10 2264.30 2259.20 2254.20 2249.20 2244.20 2240.40 2237.20 2232.70 2227.50 2224.70 2220.50 2216.60 2210.70 2205.20 2198.60 2192.70 2187.00 2181.20 2175.30 2170.20 2163.80 2159.00 2153.70 2148.00 2143.70 2139.70 2136.50 2134.70 2135.40 2135.20 2130.30 2122.80 2116.10 2110.90 2107.40 2104.60 2106.50 2105.80 2104.00 2096.20 2090.10 2086.30 2085.10 2085.90 2087.80 2092.40 2096.10 2101.00 2102.70 2095.00 2088.00 2080.50 2077.10 2079.60 2067.90 2068.90
2326.10 2320.00 2314.10 2307.80 2302.20 2296.80 2289.10 2283.00 2277.20 2271.80 2266.10 2260.90 2255.80 2250.60 2246.10 2240.90 2236.20 2232.60 2227.10 2223.80 2220.20 2217.10 2213.90 2208.30 2202.80 2197.60 2191.00 2185.00 2178.30 2173.30 2166.80 2162.10 2156.00 2150.60 2145.70 2140.50 2136.00 2132.30 2128.90 2127.20 2128.10 2127.00 2123.20 2115.10 2109.00 2101.20 2097.30 2096.50 2097.70 2095.80 2093.30 2088.50 2087.00 2089.60 2091.90 2094.20 2097.20 2102.40 2104.80 2100.50 2092.90 2085.20 2076.80 2070.80 2067.60 2063.10 2060.80
2321.50 2316.00 2310.20 2304.50 2298.30 2292.40 2286.10 2280.10 2274.30 2268.70 2263.40 2258.00 2252.70 2247.90 2242.80 2237.30 2233.20 2228.70 2224.70 2220.50 2216.60 2212.60 2209.30 2207.40 2200.90 2195.00 2189.40 2182.90 2176.70 2171.30 2165.00 2159.40 2153.90 2148.80 2142.70 2137.90 2133.00 2128.50 2124.90 2121.30 2119.50 2123.40 2116.80 2119.40 2106.60 2098.60 2092.00 2089.10 2089.00 2088.50 2086.50 2084.00 2082.70 2084.90 2089.30 2094.10 2099.40 2101.80 2099.10 2092.50 2086.50 2082.80 2075.60 2068.10 2061.40 2055.40 2050.20
2317.10 2311.70 2306.20 2300.50 2294.70 2288.90 2283.00 2277.10 2271.10 2266.00 2260.60 2255.00 2249.50 2244.40 2239.40 2234.20 2229.30 2224.90 2220.70 2217.00 2212.60 2209.20 2205.70 2203.20 2199.60 2193.40 2187.80 2182.10 2175.80 2169.10 2163.10 2157.50 2151.70 2146.00 2140.80 2135.30 2130.00 2125.30 2121.10 2117.10 2114.00 2112.60 2111.00 2109.10 2105.70 2097.20 2088.10 2084.40 2082.20 2081.80 2080.50 2079.00 2077.90 2079.80 2082.70 2085.90 2089.60 2093.90 2096.20 2087.40 2080.60 2075.80 2073.70 2065.90 2058.20 2050.40 2044.00
2313.10 2307.50 2302.00 2296.50 2291.00 2285.30 2279.70 2274.00 2268.20 2262.30 2257.00 2251.70 2246.30 2241.30 2236.20 2231.10 2226.10 2221.40 2216.80 2212.80 2209.10 2206.90 2203.30 2198.30 2195.20 2191.70 2186.20 2181.10 2175.80 2169.20 2162.50 2156.10 2150.00 2144.10 2138.10 2132.80 2127.80 2122.40 2117.80 2113.60 2110.00 2106.90 2104.60 2101.00 2098.80 2095.00 2093.40 2080.30 2077.20 2076.20 2074.90 2073.80 2073.10 2074.70 2076.80 2079.00 2081.90 2087.40 2092.60 2085.30 2077.40 2070.30 2064.20 2059.40 2052.70 2043.30 2035.80
2309.70 2303.80 2298.30 2292.80 2287.00 2281.50 2276.00 2270.60 2265.00 2259.30 2253.70 2248.50 2244.10 2237.70 2232.80 2227.50 2222.50 2217.50 2214.10 2209.30 2205.60 2201.70 2200.00 2199.20 2191.10 2186.60 2182.60 2178.80 2175.70 2170.80 2163.50 2156.00 2148.90 2142.30 2135.90 2130.10 2125.00 2119.90 2114.50 2110.50 2106.40 2102.80 2099.90 2096.40 2092.50 2087.80 2083.20 2077.60 2073.00 2070.80 2069.30 2068.70 2068.30 2069.20 2070.60 2072.20 2074.80 2079.90 2088.50 2086.30 2078.10 2070.90 2064.30 2054.80 2046.90 2039.60 2033.00
2306.40 2300.60 2294.70 2289.00 2283.40 2277.70 2272.10 2266.80 2261.30 2255.80 2250.30 2244.90 2239.80 2234.60 2229.40 2224.50 2219.80 2214.70 2209.40 2205.60 2201.30 2197.10 2194.60 2192.90 2191.10 2184.60 2178.20 2174.10 2171.30 2168.50 2164.20 2158.80 2151.40 2144.10 2136.40 2128.10 2122.00 2117.10 2112.20 2107.90 2103.30 2099.20 2095.70 2092.50 2088.70 2084.50 2078.80 2073.50 2069.60 2067.00 2064.90 2063.90 2063.30 2063.60 2064.70 2065.80 2068.90 2073.20 2078.70 2081.30 2081.10 2075.10 2068.70 2062.10 2051.90 2042.30 2035.20
2303.50 2297.70 2291.80 2285.90 2280.10 2274.50 2268.70 2263.20 2257.70 2252.30 2246.90 2241.50 2236.40 2231.50 2226.20 2221.00 2216.70 2210.60 2207.60 2201.60 2197.00 2193.40 2189.50 2186.10 2184.10 2182.30 2175.50 2169.90 2166.50 2165.30 2160.80 2156.60 2152.80 2145.70 2138.90 2129.10 2121.10 2114.10 2109.40 2104.90 2100.00 2095.80 2092.20 2088.30 2085.00 2081.20 2076.10 2071.10 2066.90 2063.60 2061.20 2059.40 2058.50 2058.10 2058.70 2059.40 2062.80 2068.80 2071.40 2072.10 2074.40 2075.50 2073.70 2068.50 2059.00 2048.90 2039.20
2300.80 2294.90 2289.00 2283.20 2277.40 2271.40 2265.70 2260.00 2254.30 2248.80 2243.50 2238.10 2232.80 2228.00 2222.90 2217.70 2212.60 2208.50 2202.20 2197.50 2193.40 2189.30 2184.50 2180.60 2178.00 2175.10 2171.40 2166.20 2162.10 2159.10 2158.10 2153.80 2149.80 2144.50 2138.10 2129.70 2122.20 2114.00 2107.10 2102.00 2096.50 2092.60 2088.80 2084.60 2081.00 2078.50 2074.20 2069.80 2065.20 2061.00 2057.90 2055.50 2053.90 2053.10 2053.10 2053.60 2055.80 2059.70 2063.40 2064.40 2068.10 2068.40 2070.40 2067.20 2061.90 2051.00 2033.30
2298.30 2292.00 2286.00 2280.30 2274.50 2268.70 2262.90 2257.10 2251.40 2245.80 2240.20 2234.90 2229.40 2224.60 2219.60 2214.20 2209.40 2204.40 2199.20 2195.40 2189.90 2185.40 2180.80 2176.70 2172.80 2169.20 2166.00 2162.30 2157.80 2154.50 2151.80 2149.00 2148.80 2143.10 2139.00 2131.40 2121.10 2113.30 2106.80 2100.40 2094.90 2089.60 2085.80 2080.80 2077.10 2074.40 2071.00 2067.30 2063.70 2059.10 2055.40 2052.10 2049.90 2048.40 2048.10 2048.10 2049.00 2054.10 2055.60 2057.00 2059.80 2059.60 2063.60 2063.40 2056.80 2048.90 2035.20
2295.70 2289.30 2283.20 2277.40 2271.60 2265.90 2260.20 2254.40 2248.80 2243.00 2237.40 2231.90 2226.40 2221.10 2216.00 2211.10 2206.20 2200.70 2195.90 2191.00 2186.60 2182.00 2177.20 2173.10 2169.00 2165.30 2161.70 2157.90 2154.30 2150.20 2146.80 2144.10 2141.10 2138.60 2135.40 2130.10 2122.30 2115.20 2108.00 2100.50 2094.00 2087.70 2082.60 2077.90 2073.40 2069.90 2067.60 2064.40 2061.50 2057.00 2053.40 2049.90 2046.60 2044.60 2043.40 2043.30 2043.30 2044.60 2048.10 2050.90 2053.40 2052.30 2056.20 2060.70 2055.60 2047.20 2039.60
2294.80 2288.60 2282.10 2276.30 2270.00 2264.00 2257.70 2251.60 2246.00 2240.50 2234.90 2229.20 2223.60 2218.10 2212.90 2207.80 2203.00 2198.00 2192.80 2188.10 2183.70 2178.80 2173.50 2169.90 2165.00 2161.30 2157.30 2154.10 2150.70 2146.90 2142.80 2139.40 2136.70 2133.60 2131.40 2130.90 2126.90 2119.00 2110.90 2099.80 2092.80 2086.50 2080.40 2074.80 2070.50 2066.40 2063.30 2060.30 2058.30 2055.00 2051.50 2047.70 2043.90 2040.90 2040.10 2038.20 2038.10 2038.70 2040.40 2042.60 2045.60 2045.30 2049.60 2055.80 2054.90 2048.10 2038.60
2293.60 2287.90 2281.20 2275.20 2269.10 2262.70 2256.50 2249.60 2244.30 2237.80 2232.10 2226.60 2221.00 2215.50 2210.10 2204.60 2199.70 2194.80 2189.80 2184.50 2179.80 2175.10 2170.40 2165.60 2161.00 2156.90 2152.90 2149.40 2146.60 2143.60 2139.40 2135.20 2131.80 2129.10 2126.40 2127.20 2125.70 2118.70 2109.60 2101.40 2093.80 2083.70 2075.70 2070.40 2066.70 2062.60 2059.30 2055.50 2053.40 2050.70 2048.20 2045.80 2041.90 2037.70 2035.00 2033.00 2033.20 2033.40 2034.20 2035.10 2036.10 2038.20 2043.30 2049.40 2044.20 2043.20 2038.20
2292.00 2286.40 2280.10 2273.50 2267.00 2261.10 2254.30 2248.30 2242.10 2236.20 2230.10 2224.30 2218.50 2212.80 2207.30 2201.90 2196.60 2191.50 2186.40 2181.70 2176.80 2171.90 2167.10 2162.00 2158.20 2153.20 2149.10 2145.60 2141.80 2139.10 2136.00 2131.40 2127.60 2123.90 2121.60 2120.40 2120.00 2115.00 2110.40 2101.70 2092.00 2082.50 2073.90 2067.30 2062.40 2058.70 2055.50 2052.30 2048.30 2045.60 2042.40 2040.20 2036.80 2032.70 2030.70 2029.00 2028.10 2028.00 2028.40 2028.20 2029.30 2031.80 2036.10 2043.30 2039.00 2030.80 2032.40
2290.30 2284.00 2278.20 2272.70 2264.80 2259.10 2253.70 2247.20 2240.50 2234.60 2228.80 2222.50 2216.40 2211.00 2204.70 2199.30 2193.90 2188.60 2183.50 2178.60 2173.40 2168.70 2163.90 2158.90 2154.10 2149.60 2145.20 2141.50 2137.50 2134.10 2131.00 2127.70 2123.20 2120.00 2117.00 2115.30 2112.10 2107.60 2107.70 2108.40 2092.10 2084.50 2074.10 2065.20 2059.40 2055.30 2051.50 2048.00 2044.90 2041.00 2038.10 2034.20 2031.90 2028.10 2026.10 2024.60 2023.10 2022.60 2024.00 2025.00 2024.00 2025.40 2029.00 2034.60 2037.00 2024.90 2020.00
2288.00 2282.20 2275.40 2270.30 2263.40 2258.10 2251.60 2245.70 2239.50 2232.90 2227.00 2221.40 2213.90 2208.40 2202.60 2197.00 2191.50 2185.90 2180.70 2175.50 2170.50 2165.80 2161.20 2155.90 2151.00 2146.00 2142.00 2137.70 2133.60 2130.00 2126.60 2123.30 2119.00 2115.70 2112.40 2109.50 2106.60 2102.10 2100.20 2099.00 2094.60 2086.20 2076.40 2063.80 2056.50 2051.80 2047.50 2044.20 2040.60 2037.00 2033.70 2031.00 2027.20 2023.70 2021.90 2020.20 2018.50 2017.70 2018.80 2019.10 2018.30 2020.10 2022.80 2028.70 2030.60 2023.00 2010.80
2284.80 2279.60 2273.20 2267.50 2261.30 2255.90 2249.10 2243.50 2237.60 2231.10 2225.30 2218.90 2213.40 2207.30 2200.50 2194.70 2189.10 2183.70 2178.20 2173.00 2167.70 2162.60 2157.90 2152.90 2148.30 2143.10 2138.70 2134.80 2129.90 2126.10 2122.50 2118.90 2115.40 2111.80 2108.40 2104.90 2102.30 2098.90 2094.90 2093.60 2088.70 2079.90 2069.00 2060.80 2053.20 2048.00 2044.10 2040.40 2036.80 2033.70 2030.50 2027.20 2023.40 2020.50 2017.90 2015.70 2014.20 2012.90 2011.90 2011.30 2015.40 2016.70 2017.00 2021.10 2025.70 2017.50 2006.90
2283.00 2276.80 2270.80 2265.10 2259.20 2253.10 2247.50 2240.80 2235.40 2229.40 2223.10 2217.70 2211.30 2205.70 2199.80 2193.10 2187.00 2180.80 2176.10 2170.40 2165.10 2159.80 2154.70 2150.40 2145.00 2140.20 2135.40 2130.90 2126.50 2122.50 2118.40 2114.90 2111.60 2108.10 2104.90 2101.20 2097.70 2094.20 2090.70 2087.90 2086.60 2079.60 2070.90 2058.70 2051.00 2044.40 2039.90 2036.90 2033.40 2029.80 2026.30 2023.30 2020.10 2016.90 2014.00 2011.90 2009.90 2008.60 2007.40 2007.30 2009.70 2011.00 2011.00 2014.10 2019.30 2014.90 2006.10
2282.60 2276.00 2268.90 2262.90 2257.00 2250.50 2245.00 2238.60 2232.80 2226.90 2220.70 2215.00 2209.00 2203.50 2197.60 2191.30 2185.50 2179.20 2173.10 2167.70 2162.50 2157.10 2152.00 2146.90 2142.20 2137.40 2132.30 2128.20 2123.50 2118.80 2114.50 2110.70 2107.40 2104.60 2100.90 2097.30 2093.70 2090.20 2086.80 2083.30 2080.50 2079.20 2071.70 2059.80 2047.50 2046.10 2036.20 2032.50 2029.40 2025.90 2022.70 2019.40 2016.80 2013.30 2010.10 2008.20 2005.90 2004.50 2003.10 2002.30 2002.00 2003.60 2005.70 2008.50 2016.20 2016.20 2006.70
2280.00 2273.30 2267.40 2261.20 2254.50 2248.50 2242.40 2236.40 2230.20 2224.40 2218.90 2212.60 2206.50 2200.80 2194.60 2189.30 2183.50 2177.20 2170.80 2165.60 2159.80 2154.40 2149.50 2144.20 2139.30 2134.80 2129.40 2124.60 2120.20 2115.50 2111.20 2107.50 2103.20 2099.70 2096.00 2092.00 2088.90 2085.60 2081.60 2078.40 2075.10 2073.70 2070.30 2055.90 2043.60 2037.70 2032.90 2028.90 2025.30 2022.10 2018.80 2015.70 2012.10 2009.70 2006.50 2004.00 2002.50 2000.60 1998.90 1997.50 1996.60 1998.10 1999.90 2003.60 2013.50 2015.80 2006.60
2280.10 2273.40 2266.40 2259.90 2253.20 2246.60 2240.40 2234.90 2228.00 2222.40 2216.10 2210.10 2204.20 2198.40 2192.50 2186.40 2180.60 2174.90 2169.30 2162.90 2157.60 2151.80 2146.30 2141.40 2136.70 2131.70 2126.90 2122.20 2117.00 2112.40 2108.00 2103.70 2099.80 2095.60 2091.90 2088.20 2084.30 2080.70 2076.80 2073.50 2070.20 2065.60 2062.10 2049.80 2042.00 2035.80 2030.40 2025.90 2022.40 2018.60 2015.20 2012.20 2009.10 2006.20 2001.90 2000.20 1998.20 1996.60 1994.30 1993.40 1992.70 1993.10 1994.40 1999.50 2003.80 2009.00 2009.20
2282.00 2275.40 2268.20 2261.10 2253.20 2246.30 2239.70 2232.50 2226.50 2220.30 2214.20 2208.20 2202.00 2196.30 2189.90 2184.20 2178.20 2172.50 2166.10 2160.70 2155.40 2149.50 2143.40 2138.80 2133.60 2128.20 2123.80 2119.00 2114.50 2109.30 2104.70 2100.40 2096.00 2092.00 2088.30 2084.50 2080.60 2077.00 2072.90 2069.00 2065.60 2061.10 2055.90 2049.40 2042.20 2035.50 2029.80 2024.60 2019.70 2015.40 2012.10 2008.50 2005.40 2002.20 1999.30 1997.20 1993.80 1991.30 1991.00 1989.50 1988.20 1988.10 1989.00 1992.70 1998.00 2000.60 2004.70
2282.20 2274.60 2266.60 2260.30 2253.10 2246.00 2238.90 2233.20 2226.10 2218.70 2211.90 2205.80 2199.60 2193.70 2187.50 2181.50 2175.70 2169.80 2164.20 2158.00 2152.30 2146.90 2141.30 2136.30 2130.80 2125.70 2120.70 2116.00 2111.30 2106.10 2101.50 2097.10 2092.60 2088.80 2084.70 2080.70 2077.10 2073.50 2069.80 2065.50 2061.60 2057.50 2053.00 2047.70 2041.60 2035.80 2028.70 2023.90 2018.20 2013.00 2009.20 2005.40 2002.10 1998.70 1995.80 1993.70 1990.90 1988.20 1987.00 1985.90 1984.20 1983.50 1984.30 1986.20 1989.60 1993.70 1997.80
2279.40 2271.70 2265.20 2258.50 2251.80 2246.20 2238.60 2231.30 2224.60 2218.30 2211.10 2203.80 2197.20 2191.50 2185.70 2179.20 2173.30 2167.40 2161.30 2155.40 2149.80 2144.30 2138.70 2133.30 2128.30 2122.80 2118.00 2113.40 2108.40 2103.80 2098.70 2094.00 2089.70 2085.20 2080.90 2077.30 2073.30 2069.70 2066.10 2063.10 2058.60 2054.30 2050.00 2044.60 2039.80 2033.60 2027.90 2021.80 2016.90 2011.30 2006.70 2002.90 1999.00 1995.60 1992.50 1989.90 1987.00 1985.20 1983.30 1981.60 1980.20 1979.10 1978.40 1980.20 1983.50 1986.80 1991.10
2278.00 2270.20 2262.60 2255.70 2249.10 2243.90 2237.00 2229.30 2222.60 2215.90 2209.30 2202.70 2196.40 2189.80 2182.40 2176.60 2170.30 2165.20 2159.30 2152.80 2147.10 2141.40 2136.00 2130.40 2125.50 2120.00 2115.00 2110.00 2105.40 2101.00 2095.50 2091.00 2086.80 2082.50 2077.60 2073.80 2070.00 2065.90 2062.30 2058.90 2055.80 2051.20 2047.20 2043.00 2037.60 2032.70 2026.60 2021.40 2014.40 2010.40 2004.90 2000.50 1996.70 1992.60 1989.50 1986.20 1983.40 1981.60 1979.60 1977.90 1976.20 1974.90 1974.30 1974.70 1977.50 1979.40 1978.20
2276.60 2268.80 2262.10 2256.10 2248.00 2241.70 2233.70 2226.90 2220.60 2212.50 2206.10 2199.00 2192.60 2187.00 2181.40 2174.20 2168.00 2162.60 2156.50 2150.30 2144.80 2139.20 2133.10 2127.70 2122.20 2117.20 2111.90 2107.20 2102.30 2097.40 2092.60 2087.90 2083.50 2078.60 2074.30 2070.10 2065.80 2062.00 2058.30 2055.10 2051.60 2048.80 2044.10 2039.90 2035.30 2029.50 2024.50 2018.40 2013.60 2008.20 2004.00 1998.30 1994.40 1990.00 1986.20 1983.30 1980.40 1978.10 1976.00 1974.30 1972.50 1971.00 1969.70 1969.50 1971.50 1971.80 1969.50
2277.50 2269.50 2261.40 2254.10 2246.80 2239.70 2232.60 2225.60 2219.00 2212.60 2205.10 2197.50 2190.50 2184.50 2178.10 2171.20 2165.50 2159.70 2153.50 2147.70 2142.20 2136.40 2130.80 2125.00 2119.70 2114.30 2109.10 2104.10 2099.20 2094.50 2089.60 2085.50 2080.30 2076.00 2071.80 2066.90 2062.70 2058.40 2054.70 2051.50 2047.60 2043.90 2040.30 2036.60 2032.10 2027.90 2021.70 2016.80 2011.40 2006.60 2001.70 1997.70 1992.90 1988.20 1984.00 1980.40 1977.20 1975.00 1972.60 1970.90 1969.00 1967.40 1965.70 1964.50 1964.70 1965.50 1963.00
2280.70 2270.90 2263.50 2256.10 2248.70 2241.50 2234.00 2225.80 2217.60 2210.70 2204.10 2197.10 2189.80 2182.70 2175.20 2168.70 2162.20 2156.00 2149.80 2144.60 2139.20 2133.20 2127.60 2122.00 2116.80 2111.60 2106.10 2100.90 2095.80 2090.90 2086.40 2081.50 2077.00 2072.50 2067.80 2063.10 2058.90 2055.40 2051.40 2047.40 2043.70 2040.00 2036.30 2032.70 2029.00 2024.50 2019.70 2014.40 2009.10 2004.20 1999.50 1994.00 1990.60 1986.00 1981.80 1977.80 1974.20 1971.70 1969.50 1967.20 1965.30 1963.90 1962.00 1960.10 1958.50 1958.00 1955.60
2278.40 2271.30 2263.30 2255.90 2248.30 2241.40 2232.30 2225.00 2216.90 2210.00 2203.10 2196.00 2189.20 2182.50 2175.30 2168.20 2161.30 2154.30 2147.90 2142.10 2136.60 2131.40 2124.90 2119.40 2114.10 2107.90 2103.10 2097.90 2093.10 2088.20 2083.10 2078.70 2073.90 2069.30 2065.20 2060.50 2055.70 2051.60 2048.00 2043.60 2039.50 2036.10 2032.60 2028.80 2025.10 2021.40 2017.40 2013.30 2008.70 2001.80 1996.60 1991.30 1987.20 1983.10 1979.00 1975.10 1971.70 1968.70 1966.10 1963.90 1961.90 1959.90 1958.20 1956.70 1953.90 1952.10 1950.60
