mpibenchmarks/sobel2D/sobel_red_initial0.txt
ncols         1146
nrows         645
xllcorner     0.0
yllcorner     0.0
cellsize      1
NODATA_value  -9999
[rows 368 to 413 of 645, columns 768 to 863 of 1146]
215 55 118 153 139 163 167 177 157 119 89 92 99 107 108 105 119 130 146 159 166 177 187 197 195 196 207 207 211 214 213 212 222 224 223 222 221 225 213 156 159 220 224 224 223 224 225 226 226 226 225 223 222 227 228 226 225 227 227 228 226 226 226 225 223 220 217 216 217 211 204 201 201 195 186 173 172 169 159 150 140 128 122 116 97 78 43 26 22 20 1 177 245 213 205 215
147 58 104 128 147 151 148 146 139 122 92 95 105 110 110 112 113 122 135 148 161 176 182 188 198 200 205 210 209 211 210 217 216 215 218 217 216 222 215 194 210 224 223 221 218 222 221 223 224 226 226 226 226 226 226 226 225 227 235 228 226 228 223 218 218 214 211 210 209 208 202 199 194 192 175 158 153 147 138 131 112 92 88 77 42 19 17 23 16 17 8 97 233 235 218 203
66 41 87 139 143 149 150 149 139 123 103 100 112 111 111 109 107 114 128 140 156 170 175 186 200 198 199 202 203 210 210 216 215 216 217 217 217 217 217 221 221 221 222 219 219 223 223 223 223 226 225 226 226 226 225 226 227 226 229 224 227 222 216 209 204 205 206 198 194 181 182 179 170 158 149 134 118 101 79 61 33 33 34 22 7 11 20 21 18 18 20 6 40 119 203 230
73 136 137 140 142 150 150 148 139 123 106 105 111 116 114 109 101 109 119 133 149 168 171 181 196 189 200 204 205 206 210 210 213 215 218 218 220 218 216 219 223 220 219 218 219 224 225 223 224 226 229 232 228 226 226 226 224 222 224 218 217 212 209 201 199 197 194 188 178 161 155 147 134 117 84 61 39 27 40 40 44 41 21 18 17 13 8 17 19 17 20 21 13 0 20 127
138 147 141 139 144 149 149 149 139 126 111 109 111 114 115 114 107 104 109 123 139 156 161 173 186 190 200 201 206 207 210 211 212 213 216 218 218 217 216 219 222 221 220 219 219 222 222 224 224 225 224 229 229 226 226 226 224 222 219 213 209 202 201 196 182 170 173 164 150 124 99 76 61 28 14 12 6 16 30 23 36 42 29 14 5 11 22 21 16 20 19 20 17 24 22 9
132 131 134 143 143 151 147 147 138 124 112 110 114 116 118 119 111 103 97 106 124 140 146 160 175 186 188 194 205 204 206 208 210 211 213 213 212 213 213 216 218 219 219 219 219 219 220 227 225 223 222 222 223 224 221 221 219 217 212 206 196 190 183 177 155 139 123 93 58 30 15 14 18 17 24 24 14 12 11 4 8 12 37 50 45 37 32 30 24 19 18 21 24 20 19 26
131 133 135 140 144 147 145 146 139 125 114 110 114 115 116 116 113 106 94 94 113 132 143 154 169 181 183 189 197 198 202 202 207 211 215 214 214 213 212 214 216 218 218 219 219 219 220 224 225 223 225 222 220 221 216 212 210 211 190 180 172 165 154 140 104 79 55 32 22 27 30 33 35 28 21 21 21 18 20 18 12 19 11 6 31 55 49 19 19 30 21 21 23 19 19 17
130 134 135 141 145 142 143 146 141 126 118 113 114 113 112 112 115 110 103 92 103 120 134 149 167 175 183 189 192 198 202 205 202 210 210 209 210 210 210 211 209 215 216 218 219 219 218 216 223 223 223 223 224 219 210 204 201 186 167 153 151 131 110 70 49 36 22 27 23 25 26 22 17 19 24 24 22 22 19 21 18 15 23 19 19 14 30 57 46 19 11 19 15 19 20 20
124 132 133 139 143 142 143 144 140 130 124 117 117 116 117 118 120 118 110 98 87 103 123 139 153 163 174 183 190 195 202 201 201 203 205 205 205 206 208 213 218 216 216 219 222 218 217 216 220 221 221 221 221 215 211 202 193 175 153 138 109 78 41 28 26 36 36 25 12 15 15 18 28 36 27 18 24 24 27 30 27 16 19 28 23 21 12 8 38 59 28 13 29 20 13 15
116 125 132 137 144 143 143 143 143 136 126 120 119 119 119 121 123 118 111 106 91 94 113 125 137 153 165 171 182 190 195 195 198 200 206 206 206 206 206 207 211 215 217 215 215 216 215 216 216 220 214 211 210 202 193 185 162 145 117 84 48 29 20 50 42 35 32 22 20 17 29 30 26 25 26 29 36 23 22 32 40 28 26 21 22 23 19 15 9 22 57 61 18 20 19 31
114 121 129 136 143 143 143 142 143 134 128 123 121 120 119 121 125 118 115 110 102 83 94 115 132 146 157 164 174 182 188 187 198 202 204 204 204 203 204 207 208 213 213 214 214 216 216 218 221 219 208 195 191 186 166 144 114 72 43 22 27 42 34 31 26 21 26 36 35 33 24 16 16 20 25 32 35 33 30 33 23 21 27 28 28 28 25 20 14 9 12 42 64 25 21 14
111 119 127 135 142 143 143 142 143 134 129 123 122 120 119 121 122 114 116 118 111 93 80 101 124 138 150 156 167 175 183 185 191 199 197 196 197 200 203 206 209 212 211 216 217 216 216 214 213 206 191 177 170 152 104 54 35 22 33 48 30 25 29 17 20 28 28 44 36 30 29 37 24 28 28 28 29 32 33 22 22 23 27 33 35 27 14 18 40 36 27 4 21 62 33 25
108 116 127 135 138 142 141 145 147 142 132 124 122 120 119 121 121 125 123 126 122 106 88 82 108 132 140 150 157 162 174 181 186 193 197 199 198 199 202 203 199 204 207 211 214 213 209 208 203 189 170 146 98 49 23 30 33 38 40 34 31 23 24 24 35 40 37 31 31 32 34 27 31 38 39 35 29 31 18 20 28 30 29 25 22 37 51 53 30 17 18 25 13 14 66 46
109 115 127 138 137 142 141 147 147 144 133 125 122 120 119 121 120 124 127 126 127 119 109 80 80 109 125 136 148 153 164 171 178 186 191 196 193 196 199 199 199 196 198 200 206 202 196 195 177 163 114 60 33 26 30 29 35 28 27 23 30 32 37 51 43 36 37 32 30 37 40 32 30 36 33 29 34 29 31 42 25 20 16 22 37 42 30 15 22 21 19 16 15 14 4 54
107 110 124 133 136 145 142 145 144 142 136 128 121 118 118 121 122 125 126 129 126 122 118 105 82 88 109 122 136 147 156 162 175 182 185 188 195 195 195 195 195 192 191 191 189 186 177 156 108 64 37 30 25 27 29 31 20 14 19 31 36 35 38 30 42 45 43 41 29 29 37 36 24 28 30 32 34 38 36 21 22 42 37 24 20 15 25 28 20 14 10 13 16 18 12 15
106 111 117 126 134 142 143 143 143 142 138 130 121 118 119 120 122 125 126 130 130 129 125 117 108 88 86 102 118 133 143 151 167 174 176 177 187 193 188 190 192 189 183 172 170 160 117 63 38 25 29 35 32 17 20 22 24 30 35 25 22 17 31 39 48 47 35 31 31 33 24 31 27 24 33 36 27 18 24 34 53 28 11 24 28 14 12 11 13 14 11 15 16 16 16 8
107 107 115 123 129 136 143 142 143 142 141 136 124 120 119 118 124 129 129 133 132 133 135 132 120 104 85 82 96 113 128 138 148 155 159 164 172 179 178 181 182 175 165 148 118 67 28 16 21 40 37 25 22 23 18 22 23 36 38 29 40 33 32 39 33 26 39 37 32 34 31 44 41 32 13 17 25 34 44 34 13 30 29 4 10 26 30 25 22 23 19 22 16 17 9 12
105 102 111 118 130 135 142 144 143 141 140 136 125 119 119 118 124 128 129 132 133 134 135 137 132 124 111 84 78 92 107 128 136 142 154 154 157 161 161 158 157 149 123 74 43 24 18 19 27 27 21 21 25 24 31 36 21 16 20 38 48 39 32 24 27 25 33 36 54 49 30 36 19 22 27 30 23 24 23 28 33 18 28 38 17 31 42 33 23 22 27 25 19 21 21 21
101 98 110 118 125 132 137 143 143 141 141 137 128 122 119 118 123 126 126 130 135 138 143 141 141 137 128 113 90 82 90 108 119 127 137 143 142 144 153 135 114 76 45 35 29 29 21 20 19 17 16 25 31 40 34 32 19 30 39 43 28 28 28 25 31 34 32 33 41 41 25 16 23 37 37 10 8 15 18 9 9 12 10 15 41 43 5 24 28 17 13 26 26 22 22 28
97 95 104 112 122 132 137 143 144 144 141 138 132 123 119 118 124 125 128 129 136 144 145 151 149 142 138 135 120 98 87 88 92 107 124 127 129 127 124 87 49 26 10 27 34 21 16 19 13 18 27 29 33 23 25 24 32 33 29 24 31 33 32 26 28 34 38 39 21 15 40 48 32 16 6 19 30 29 29 25 24 24 30 28 17 37 40 10 32 26 18 24 29 22 23 18
88 90 89 101 116 134 137 142 146 149 142 142 136 128 120 112 118 126 126 129 139 147 147 154 160 152 151 147 137 122 107 90 78 89 103 86 102 82 60 41 11 14 20 20 18 16 15 15 27 24 19 22 22 20 21 30 28 32 28 31 37 39 56 39 29 26 34 27 47 62 37 15 17 28 28 31 34 36 38 25 24 20 20 22 28 15 25 30 6 16 19 15 16 19 22 24
85 87 87 99 119 133 136 141 143 147 144 143 137 132 119 109 112 122 126 132 138 148 148 149 156 158 155 154 142 136 128 113 95 86 80 80 64 40 16 9 23 26 16 15 14 13 11 20 28 25 16 25 19 25 23 24 28 26 31 34 37 35 50 48 18 15 29 51 37 19 24 32 22 25 32 26 23 25 35 27 19 24 16 18 18 25 21 14 33 10 26 33 21 19 13 15
89 85 81 97 117 130 129 136 142 147 147 146 139 136 123 113 113 114 122 132 137 145 151 154 154 156 157 157 149 147 137 131 127 97 67 46 24 10 0 15 19 15 17 16 16 18 21 26 19 17 19 27 32 33 24 25 29 29 29 20 35 42 29 17 40 56 32 23 30 34 30 26 26 35 30 26 30 23 27 30 24 20 20 19 19 14 21 7 53 36 21 37 33 31 24 16
93 86 78 95 109 115 126 133 140 149 150 151 147 136 127 113 112 109 115 124 133 144 151 154 162 165 161 155 155 158 153 141 109 61 29 11 10 15 11 9 13 11 10 12 16 24 25 24 20 21 22 25 23 28 22 29 37 35 26 21 25 19 32 61 45 31 31 43 23 20 25 29 23 22 23 16 18 15 9 26 27 33 30 27 30 27 35 35 3 37 34 13 28 27 21 23
80 87 77 87 107 114 126 134 141 149 155 156 150 138 128 115 112 107 114 123 131 147 149 152 162 167 159 150 156 164 155 98 32 10 13 17 17 16 19 14 13 12 12 12 12 16 17 22 24 23 21 15 25 30 27 26 24 29 29 11 21 45 41 29 17 26 25 24 24 19 15 15 17 16 18 16 19 19 30 32 28 34 33 30 28 23 28 24 33 9 44 22 27 39 23 23
45 98 82 82 104 112 124 131 138 149 151 152 156 145 135 119 112 110 113 119 129 141 149 151 154 156 147 152 150 118 50 16 9 18 24 20 12 15 14 13 15 20 11 8 13 16 20 22 25 20 20 20 22 21 26 29 26 15 23 52 46 21 27 39 40 19 25 27 17 12 11 16 24 28 33 32 29 26 29 31 34 26 25 24 24 24 32 26 33 16 17 63 11 30 33 30
21 81 94 81 100 111 123 130 138 146 153 156 157 152 143 122 111 104 106 113 123 135 141 142 146 149 155 110 34 63 16 13 20 15 21 18 12 11 12 14 17 13 7 14 20 29 25 15 16 19 21 36 25 27 25 13 11 39 45 27 12 31 31 20 28 29 15 5 6 21 23 28 34 32 29 34 32 25 25 23 20 27 28 28 28 27 28 32 31 39 11 42 44 14 31 18
18 49 96 81 94 110 119 127 135 143 153 157 159 161 155 140 126 102 98 98 119 137 135 138 147 143 89 15 41 38 53 14 18 16 17 18 16 14 16 15 12 7 13 21 22 18 15 13 20 23 21 23 29 30 20 36 49 30 16 22 31 18 24 26 12 6 15 27 22 26 30 27 26 31 24 22 29 32 23 22 25 27 25 29 28 27 26 26 26 29 38 16 59 21 17 19
21 29 92 88 77 106 117 126 134 143 153 156 161 163 153 147 134 108 92 93 107 118 124 136 124 49 8 32 66 65 60 8 17 16 16 14 13 17 16 13 11 19 28 17 16 16 18 31 28 25 19 14 14 38 47 39 20 31 33 23 20 20 13 10 17 23 29 35 28 28 25 24 21 22 23 33 23 31 32 29 27 25 28 24 27 26 27 26 25 22 25 29 17 58 17 19
16 8 82 98 75 102 118 123 131 140 149 155 162 161 157 159 140 113 94 88 98 111 107 65 12 11 37 47 48 40 21 13 22 21 18 17 10 8 17 18 20 20 19 14 16 17 22 33 24 20 15 22 28 30 19 26 34 25 24 19 15 14 19 27 32 33 30 30 29 24 21 20 32 24 27 35 32 30 29 29 30 30 27 27 29 19 29 31 24 21 26 30 23 25 47 19
16 10 63 107 71 90 115 123 129 139 148 155 160 168 165 162 151 129 100 80 78 55 24 2 12 16 27 21 63 4 14 19 20 20 17 14 14 22 22 17 19 18 20 20 13 16 23 17 5 18 48 38 14 20 36 45 22 20 15 14 23 26 26 31 28 27 30 28 31 29 29 28 29 20 21 30 40 29 32 30 35 25 23 23 30 26 24 36 32 27 27 28 34 16 15 51
19 11 29 95 73 87 103 121 133 146 153 152 155 155 161 167 168 129 83 47 14 6 11 16 15 13 27 23 55 28 12 15 16 17 13 10 14 22 19 14 15 17 20 27 24 19 10 18 49 50 21 22 34 40 30 23 18 15 20 25 27 23 20 21 25 26 30 33 31 28 23 32 31 24 25 27 39 32 34 30 24 21 27 27 33 33 34 36 30 29 31 25 30 36 18 21
20 13 16 81 89 78 76 101 137 142 148 150 148 151 178 135 72 34 19 14 14 20 16 14 14 13 24 29 38 63 5 15 15 14 12 19 25 16 19 20 14 21 20 19 11 17 33 38 29 22 37 35 30 23 15 16 26 22 22 25 16 21 24 27 22 23 31 29 26 25 28 22 25 27 26 24 26 34 31 26 22 24 24 27 23 24 29 32 32 32 31 31 28 29 17 11
33 15 11 67 102 73 83 107 134 139 141 149 174 157 78 17 14 27 25 17 16 19 13 17 14 17 11 28 21 47 35 5 9 10 27 20 12 9 13 25 28 14 11 23 37 46 20 17 23 28 18 16 12 15 24 26 20 19 18 19 18 18 23 29 30 28 28 29 28 29 24 24 27 30 26 16 18 19 22 23 23 23 22 23 26 26 25 26 29 30 25 17 12 12 12 21
41 17 17 47 102 76 82 105 123 131 139 148 109 26 10 19 25 29 23 14 10 16 14 15 17 17 8 16 40 24 61 13 14 15 25 16 11 15 17 19 12 27 40 44 27 26 29 37 25 11 12 20 22 20 19 18 17 18 19 17 19 21 20 28 41 26 24 27 32 28 20 32 22 19 17 19 16 22 21 18 22 22 26 23 20 30 29 28 22 19 16 10 16 21 20 30
42 43 28 28 91 86 79 93 107 121 126 69 10 9 25 30 13 29 24 18 9 14 14 14 14 20 18 7 27 23 41 32 3 17 12 15 18 18 26 34 49 44 33 26 31 37 18 8 10 18 25 24 21 20 18 14 13 21 17 21 19 18 21 28 28 34 28 28 26 23 21 21 22 19 20 21 19 22 27 28 26 23 25 31 22 9 7 7 8 10 20 19 23 24 26 25
49 92 41 16 79 95 75 89 95 108 106 29 12 31 40 66 76 32 30 25 18 16 15 12 14 13 17 17 16 28 23 58 13 11 14 14 13 21 43 25 17 21 35 31 23 12 8 18 22 20 23 21 16 12 10 12 12 15 25 19 22 19 19 24 29 31 25 18 22 25 26 22 26 23 16 23 24 25 26 24 19 13 7 4 10 8 16 28 23 29 29 30 28 34 35 29
48 84 75 9 61 98 75 85 89 100 70 27 10 33 60 75 89 100 47 17 14 8 9 14 16 14 15 20 8 22 15 36 43 13 15 10 22 19 31 51 7 22 12 10 13 21 23 19 17 13 14 14 16 10 10 12 21 22 22 24 23 22 19 17 21 21 27 28 20 25 26 24 25 31 22 18 26 12 6 3 6 11 14 23 28 37 30 34 21 19 14 13 7 7 14 22
66 42 52 13 40 105 80 72 75 67 31 35 9 92 146 113 76 91 145 96 47 6 14 17 13 14 15 18 13 7 22 17 53 9 17 14 68 156 99 61 2 16 14 17 20 21 16 15 15 16 15 11 12 18 16 17 16 14 19 21 20 20 20 15 23 25 22 26 26 24 27 43 31 17 15 7 2 10 17 26 36 32 29 30 25 22 11 5 8 12 18 24 32 52 48 45
80 46 3 16 29 91 82 58 41 13 5 31 23 152 157 213 217 141 131 82 11 17 11 14 15 13 17 19 18 1 23 25 43 36 6 32 52 51 121 33 11 19 17 19 19 21 17 17 15 11 11 19 21 19 19 19 17 17 19 20 19 19 19 22 22 27 22 27 32 13 17 18 12 7 9 15 22 33 37 34 29 14 8 4 5 4 25 41 34 50 49 43 26 29 21 13
85 87 81 45 21 47 54 24 2 10 25 27 18 154 151 194 223 142 150 157 6 16 13 15 20 16 12 15 19 12 11 34 28 51 12 17 8 12 93 39 6 15 17 18 14 13 10 14 10 12 13 17 16 16 17 16 16 16 19 19 19 17 22 18 19 18 15 17 12 5 3 5 18 29 29 28 32 21 13 1 0 9 24 51 38 26 39 38 33 10 13 18 13 26 29 31
100 112 116 59 11 12 22 19 8 17 19 23 23 70 146 241 251 104 72 56 16 14 14 17 12 10 21 22 14 11 8 27 27 35 50 12 15 15 96 30 3 16 17 20 12 6 6 9 18 20 18 15 14 16 16 14 17 17 19 19 19 19 21 16 12 10 7 14 10 16 21 26 32 39 18 5 4 5 19 36 45 37 24 30 22 18 18 20 39 35 32 28 23 20 22 27
118 84 113 82 7 30 32 28 17 16 6 16 41 4 30 116 132 21 17 12 12 9 12 7 23 29 18 8 13 19 7 9 32 12 44 67 13 22 105 33 9 22 14 11 6 10 15 11 15 11 12 13 12 16 18 19 22 16 19 20 17 19 12 20 20 21 22 35 32 24 26 22 9 2 7 19 31 31 41 34 26 18 19 21 31 35 36 23 24 21 24 18 11 18 19 25
215 136 94 96 11 53 20 8 9 8 9 9 35 13 15 16 33 17 16 15 15 12 9 23 23 10 10 19 16 16 14 6 8 18 19 32 44 8 64 100 8 16 7 7 12 12 15 8 7 13 15 18 20 16 18 18 22 13 17 21 16 25 25 17 30 35 32 23 15 2 2 9 17 41 45 39 29 19 26 23 34 32 35 30 21 26 21 16 26 14 23 21 21 25 30 35
172 109 87 89 22 59 5 6 8 8 10 2 29 26 22 31 30 20 14 11 13 22 18 11 7 15 20 20 17 16 16 18 7 18 30 15 27 29 1 114 86 0 14 13 10 13 14 16 17 16 14 15 21 20 19 19 23 23 23 27 18 23 25 18 12 19 4 1 8 13 21 49 43 21 21 27 24 30 31 34 37 27 18 12 22 16 37 25 31 36 30 32 30 28 25 29
76 69 82 70 40 60 1 8 12 12 12 6 30 33 13 26 24 19 11 19 10 13 11 17 17 19 20 20 17 16 17 18 17 3 5 10 15 24 15 3 69 68 3 3 11 15 15 14 15 16 14 15 18 18 19 22 21 24 28 20 21 19 11 2 2 3 16 35 45 31 19 18 8 16 35 29 28 31 24 20 17 19 23 19 24 31 27 29 23 25 23 31 31 27 26 27
