mpibenchmarks/sobel2D/sobel_red0.txt
ncols         1146
nrows         645
xllcorner     0.0
yllcorner     0.0
cellsize      1
NODATA_value  -9999
[rows 275 to 329 of 645, columns 384 to 479 of 1146]
48 70 121 40 115 122 41 10 1 7 13 6 3 5 2 1 2 2 2 2 3 4 1 5 6 23 41 32 25 35 29 22 21 25 34 30 30 48 50 44 46 58 65 64 62 64 66 67 65 56 40 61 50 76 167 104 32 68 65 526 647 25 203 42 86 54 82 86 42 49 96 55 79 157 107 152 60 69 26 44 72 22 66 59 37 77 336 357 78 107 139 29 124 156 51 76
74 125 71 89 125 48 10 9 1 8 13 4 4 0 2 0 0 0 1 2 1 3 2 2 17 27 27 22 22 30 26 17 16 22 28 30 31 37 42 33 14 28 45 47 37 31 31 34 40 50 106 70 92 156 52 93 52 133 160 642 386 81 184 43 106 100 112 38 15 66 80 5 23 78 74 56 50 14 54 59 116 70 88 27 65 312 379 109 118 25 133 128 18 158 157 94
161 119 84 130 82 21 12 5 5 10 9 3 2 2 1 0 0 0 2 0 1 4 4 3 26 24 17 19 20 25 21 12 10 17 19 21 25 26 41 40 14 28 28 28 27 22 8 11 10 147 151 74 104 96 142 80 42 67 464 473 144 87 203 70 110 113 37 26 26 93 29 19 42 88 55 22 17 96 35 97 108 87 120 188 420 344 119 38 59 60 85 76 76 50 93 89
195 71 170 90 47 17 8 2 9 9 5 1 0 0 0 0 0 0 1 2 2 4 3 17 34 19 11 18 20 24 17 14 10 12 17 12 14 17 40 42 16 23 14 17 21 25 33 31 59 187 90 110 75 82 60 18 61 315 605 132 101 124 242 83 134 62 74 118 100 93 52 72 53 103 68 29 79 30 83 68 148 182 325 548 265 57 42 40 47 27 75 73 32 8 22 46
106 214 137 59 21 9 8 11 10 5 1 0 0 0 0 1 2 1 0 0 3 1 22 42 35 15 12 10 16 26 32 37 30 19 18 12 9 12 31 34 24 14 10 3 6 16 51 51 56 154 48 101 18 46 84 89 229 615 353 276 116 165 259 71 217 44 200 121 155 58 14 93 30 87 52 66 21 95 83 22 121 320 689 224 180 65 33 41 50 12 67 47 66 82 42 51
275 228 63 31 12 8 15 14 12 9 8 8 8 8 8 8 8 8 7 4 5 21 45 42 22 11 7 4 4 13 19 25 36 30 19 17 12 14 23 20 17 8 6 1 7 14 65 72 104 196 96 102 183 200 83 177 557 460 93 374 172 262 264 72 301 68 273 80 168 82 79 55 26 26 73 44 84 161 171 193 269 547 434 164 143 38 46 62 63 39 41 61 52 43 56 59
405 131 32 10 9 8 17 15 15 16 16 16 16 16 16 18 20 19 16 13 20 41 39 24 10 10 0 2 11 20 21 19 31 26 15 19 19 20 23 17 14 7 3 2 5 45 90 123 270 217 143 103 83 81 116 539 495 102 195 287 41 292 193 125 260 172 270 85 180 141 82 28 28 62 42 52 133 162 92 60 235 434 60 196 49 34 24 49 51 29 21 29 78 27 57 90
299 38 22 8 10 19 23 18 14 15 16 16 16 16 16 17 18 17 17 22 45 62 51 36 23 21 13 9 11 13 8 12 26 18 6 10 15 25 32 28 17 5 5 14 22 94 167 287 333 125 185 117 164 197 601 514 35 369 128 158 186 170 52 144 116 191 214 35 224 173 37 10 86 35 127 90 125 125 131 110 455 264 147 104 19 28 21 47 41 11 4 14 66 62 24 100
117 8 11 15 22 25 24 17 13 12 12 12 12 12 12 11 9 7 9 26 60 66 49 41 31 27 17 26 24 5 5 12 24 17 14 13 8 29 47 51 37 6 15 13 78 165 231 269 108 249 307 68 458 731 446 58 324 281 126 22 210 50 115 93 96 144 177 29 271 141 20 40 39 171 146 104 93 50 78 452 499 97 192 44 18 9 25 56 48 21 15 18 46 69 22 78
22 10 12 17 24 24 22 19 18 17 16 16 16 16 16 16 15 13 13 45 66 49 22 24 32 32 14 24 30 29 17 15 28 24 19 11 29 5 19 39 44 9 18 51 153 186 147 178 224 371 110 680 697 252 214 371 253 87 143 43 264 32 209 36 132 77 187 90 287 84 43 73 83 153 68 67 22 101 249 670 237 210 148 22 19 14 22 64 62 22 4 19 33 55 18 55
10 11 20 31 31 22 17 16 16 16 16 16 16 16 16 16 17 22 39 62 50 28 14 18 23 31 17 16 4 14 17 17 36 29 17 9 35 15 29 34 38 11 24 136 160 109 77 122 93 371 806 601 14 354 410 264 91 34 137 30 311 16 233 126 90 41 207 147 286 44 48 77 103 158 110 90 142 67 563 520 82 222 77 9 14 4 11 59 75 18 10 17 31 47 37 42
2 12 31 35 28 17 13 15 16 15 12 8 5 4 4 2 4 36 71 68 39 19 6 17 18 32 37 33 22 15 17 26 41 25 16 19 38 28 19 22 22 24 101 155 87 41 104 325 515 643 361 199 453 402 219 58 73 90 140 69 298 43 188 149 68 46 172 169 255 35 97 77 153 205 38 145 98 323 538 193 239 142 24 14 14 11 10 50 77 25 7 15 29 42 51 28
4 22 31 12 7 10 11 12 12 10 8 5 2 1 3 7 26 67 63 42 30 18 6 12 18 24 34 42 41 26 21 33 41 32 35 38 40 31 15 12 29 65 171 115 34 4 298 608 374 42 343 428 294 106 5 52 90 112 123 82 246 95 120 153 89 61 62 214 158 41 127 101 198 95 139 14 434 513 234 151 191 35 25 28 13 16 15 44 65 46 18 16 22 39 67 34
15 24 20 13 9 0 2 8 12 12 11 5 1 2 1 11 50 70 37 12 9 19 26 29 25 17 17 21 33 31 18 20 36 38 43 36 39 24 23 18 66 170 151 67 63 254 620 456 201 461 364 174 30 43 35 44 107 81 133 45 201 101 80 156 162 62 134 181 24 66 125 55 111 74 22 469 643 365 210 80 64 33 25 32 2 11 10 39 45 48 41 17 14 40 79 39
32 21 8 13 18 25 25 19 16 14 9 3 1 1 4 26 55 53 24 9 6 9 20 27 34 38 32 25 32 33 31 29 46 34 5 10 40 46 19 83 174 149 69 95 338 622 557 80 453 307 109 33 22 12 24 53 96 39 186 63 167 91 111 184 273 54 210 108 92 90 149 13 62 41 422 661 252 180 249 95 35 45 33 18 7 5 4 34 34 29 37 20 9 43 80 51
40 34 22 21 27 36 37 29 20 14 13 13 8 8 35 63 60 40 19 5 7 5 9 9 14 30 36 35 43 46 51 56 40 10 30 38 59 38 101 180 126 55 80 382 650 481 89 362 399 81 37 47 28 18 29 72 71 73 220 48 119 31 84 154 362 29 236 125 133 77 156 70 34 246 637 311 176 181 131 98 28 37 20 2 8 1 5 21 38 39 43 26 14 40 74 67
29 42 44 42 32 18 15 21 20 14 8 9 14 26 57 63 42 23 14 11 11 9 5 12 24 27 38 45 49 57 58 44 25 17 27 41 21 107 200 114 28 64 364 678 441 38 175 403 281 17 34 47 31 24 41 53 41 166 149 156 76 42 106 91 379 118 208 153 107 67 93 105 150 570 443 73 148 35 100 129 31 46 15 4 8 3 7 11 28 45 57 42 24 31 66 74
6 13 23 25 20 8 2 7 12 13 10 12 20 45 60 35 14 11 12 10 5 3 12 19 32 39 31 29 28 34 34 29 33 38 42 15 148 201 119 58 94 344 688 482 29 120 260 373 157 20 18 38 29 35 55 9 80 246 11 189 18 51 108 112 349 154 183 164 53 84 38 130 417 596 71 115 46 42 110 89 67 52 21 9 7 3 9 10 5 27 51 48 23 17 56 76
4 6 7 1 17 13 4 7 13 17 18 16 26 52 46 16 11 18 18 14 14 10 13 21 43 60 46 38 29 11 8 21 49 50 50 189 205 101 86 129 255 591 527 62 110 217 371 254 31 31 23 34 39 56 43 36 180 184 136 101 24 79 74 179 298 144 154 188 23 97 46 89 547 335 113 28 44 143 33 104 108 30 29 2 12 6 11 4 0 9 36 38 20 15 41 74
10 11 16 18 22 22 15 17 24 18 20 29 40 39 30 14 10 19 27 27 25 23 31 41 69 82 56 45 30 29 34 64 44 102 234 200 99 115 191 219 425 526 144 99 183 374 320 77 28 23 35 43 59 64 14 38 210 40 143 12 17 124 2 244 237 98 86 219 64 141 12 177 401 205 83 40 148 65 133 121 148 106 50 34 31 16 9 3 1 4 27 31 24 19 24 55
16 15 20 36 42 33 23 22 28 22 22 40 33 23 20 10 5 5 4 11 19 45 65 71 79 60 20 38 46 56 60 7 171 270 208 174 249 320 334 409 497 259 42 123 316 363 125 51 34 23 42 55 62 10 29 142 111 134 58 23 23 141 128 187 203 84 54 151 215 131 134 139 239 244 177 153 89 79 88 130 238 23 124 50 34 17 2 4 3 7 18 16 14 8 13 32
18 11 18 19 17 21 26 27 30 31 37 41 27 18 21 21 25 24 18 24 43 63 74 67 50 27 15 40 52 53 64 230 371 305 284 327 295 296 387 417 259 35 104 252 357 199 20 44 45 44 61 66 29 55 67 196 67 113 43 41 125 69 234 4 229 164 129 60 212 192 214 10 129 221 238 215 156 170 245 228 27 173 119 68 57 31 16 16 16 17 22 19 18 14 16 21
8 1 16 24 26 26 15 19 26 31 42 43 28 24 26 27 24 24 24 42 58 56 71 62 14 19 8 45 96 112 148 339 355 269 245 124 89 279 275 107 16 87 245 373 251 69 11 36 60 68 71 36 22 36 186 72 160 13 8 11 187 60 214 145 199 331 162 95 70 227 139 93 71 164 184 152 136 109 18 156 252 141 37 55 83 60 51 46 40 36 39 45 45 36 24 14
1 1 8 8 13 31 43 47 36 50 56 45 36 34 34 27 20 22 27 43 44 47 66 40 29 111 181 171 123 83 151 326 143 145 206 102 243 299 77 41 48 215 387 293 96 12 24 52 73 84 27 40 32 94 129 107 96 39 34 147 163 166 104 155 95 412 89 169 187 86 42 93 128 60 104 125 117 154 205 219 95 55 17 35 82 48 41 44 41 37 39 46 51 48 40 25
5 2 8 12 15 20 24 43 55 61 44 41 56 53 34 21 17 17 18 29 31 41 43 66 151 172 103 69 91 52 220 216 167 282 234 346 352 107 12 22 188 407 356 129 13 5 36 59 78 45 27 22 87 147 38 131 53 49 124 198 65 226 41 109 122 265 395 105 188 45 51 51 119 209 205 117 61 79 154 154 101 67 70 43 89 45 34 41 46 43 38 36 36 37 39 38
11 7 6 21 19 28 34 28 39 72 69 49 22 17 18 18 18 18 16 20 23 33 54 172 122 74 120 77 61 77 223 77 160 58 444 527 158 43 81 236 419 392 177 50 28 12 45 72 38 59 53 85 157 27 141 101 38 160 234 92 328 204 143 122 93 241 404 140 84 93 87 37 77 149 169 141 63 44 115 88 31 49 93 32 84 45 30 24 26 28 28 31 32 29 31 39
11 12 16 30 24 13 14 12 20 31 54 83 90 76 43 12 1 3 2 11 18 23 140 165 77 86 49 29 40 34 201 52 127 385 585 266 97 247 384 441 346 149 16 36 43 42 59 25 80 59 108 147 31 157 157 15 243 289 93 381 240 98 214 134 256 743 668 382 108 196 98 49 107 189 107 33 144 213 188 125 84 48 63 24 74 41 22 17 19 24 27 29 32 32 36 41
10 13 23 28 18 11 10 11 14 14 14 28 50 69 84 74 67 61 42 26 22 37 174 65 110 102 85 17 76 56 244 104 281 544 277 175 403 463 383 222 85 7 24 38 50 38 34 80 31 167 155 47 194 140 75 288 238 144 432 267 39 208 222 202 695 610 168 441 401 110 44 80 113 101 135 110 114 70 34 31 11 23 56 31 65 42 26 25 26 30 32 34 38 37 31 31
15 16 21 20 9 7 10 15 17 17 10 11 17 7 36 74 80 108 120 88 39 92 125 24 57 125 58 22 100 111 382 357 425 292 162 448 406 218 66 12 13 27 28 43 34 28 60 11 125 111 149 222 69 211 327 124 275 418 210 76 235 158 255 669 554 109 157 95 300 397 343 374 313 286 230 133 24 15 18 19 25 31 70 46 56 36 21 29 32 34 38 40 41 40 34 26
11 15 19 18 10 10 17 18 18 17 9 12 12 14 35 27 37 72 99 123 90 92 68 50 113 70 5 29 83 296 597 372 170 55 387 416 128 14 14 21 22 26 52 34 18 49 13 54 84 115 66 158 325 241 117 412 396 135 73 107 82 377 631 417 60 99 65 49 149 99 226 210 156 132 62 44 46 7 11 18 38 10 83 51 54 35 27 28 28 27 23 21 21 29 38 32
7 10 19 20 16 17 22 21 20 17 16 9 7 18 45 28 53 58 19 201 218 89 17 90 129 123 57 20 38 526 533 29 93 256 431 238 20 38 29 24 71 86 53 17 71 196 309 340 314 314 347 265 3 314 450 306 96 65 100 176 461 494 253 53 54 4 33 123 117 95 142 44 49 39 74 30 57 13 6 44 18 57 77 37 41 35 36 27 15 4 2 7 22 36 42 45
15 18 22 20 16 15 21 21 20 16 13 11 12 24 38 48 50 25 80 305 175 111 24 46 79 97 105 11 160 604 314 138 216 384 303 80 18 23 57 70 40 10 52 157 281 373 405 341 232 100 109 340 445 329 124 20 25 90 76 327 325 32 84 37 38 15 124 149 41 157 73 11 21 7 41 9 32 2 51 69 71 90 43 22 20 17 20 22 22 9 4 10 25 25 27 32
30 25 21 18 13 12 20 20 16 10 7 12 25 35 35 48 24 42 211 280 28 52 76 59 28 43 121 58 233 586 178 284 349 280 104 18 48 63 36 25 28 122 235 250 221 201 50 304 408 430 431 339 147 15 24 13 24 104 67 365 268 100 69 72 10 110 169 6 123 84 32 10 17 19 34 12 22 46 108 32 144 60 14 11 10 4 8 19 27 12 1 17 24 4 14 28
41 18 13 15 12 14 19 17 14 7 13 16 34 42 29 27 16 102 284 146 61 44 51 95 65 25 75 104 302 605 95 404 255 75 28 35 18 21 48 132 194 207 119 56 137 149 304 401 317 226 126 28 20 34 38 28 38 117 124 339 277 24 104 32 90 160 31 114 77 41 27 3 8 16 26 22 26 119 40 144 124 12 6 4 9 5 7 18 24 11 9 17 22 5 11 32
65 20 18 25 14 16 14 9 12 1 24 28 36 36 34 14 31 210 234 14 22 66 26 33 42 52 7 102 395 652 79 397 126 16 15 7 12 78 155 110 40 101 144 97 98 197 302 216 113 48 28 32 40 33 15 44 69 171 102 368 290 64 88 63 157 58 103 77 25 37 16 4 4 13 12 22 103 53 117 144 48 9 9 1 14 8 7 15 20 10 16 21 17 4 2 30
26 55 39 32 24 18 13 8 10 0 35 40 31 38 34 8 125 275 92 56 61 61 36 33 33 46 71 118 492 638 198 322 65 9 15 9 104 123 18 95 132 110 89 128 70 225 178 118 87 51 27 12 17 42 42 66 131 221 103 467 213 68 38 151 84 84 104 20 23 34 7 4 6 14 39 103 54 115 131 58 26 7 9 2 17 6 4 6 18 16 18 13 5 3 7 23
119 32 97 104 54 15 8 12 10 6 44 48 35 46 18 56 236 202 34 1 82 67 65 94 100 74 86 149 538 538 286 217 34 14 15 83 103 64 85 27 17 94 153 43 198 172 108 84 61 39 18 1 39 69 77 109 199 133 372 437 113 31 96 108 58 112 52 16 30 24 7 4 18 60 115 62 107 139 35 30 26 12 6 1 15 9 2 1 8 10 8 2 2 8 11 5
52 157 95 72 112 96 50 17 13 18 53 55 43 28 15 167 264 42 47 68 80 79 73 66 79 102 95 140 518 404 313 130 24 25 39 79 76 112 57 31 59 152 42 133 153 111 90 58 41 20 9 18 57 80 80 122 165 117 502 310 57 80 124 24 109 67 18 6 27 17 15 22 69 124 60 102 136 44 14 37 28 8 4 2 15 11 1 2 2 4 2 0 0 12 8 18
468 82 185 183 53 111 142 87 31 34 66 76 34 16 100 272 152 62 24 77 84 79 69 37 23 59 83 132 554 206 326 75 20 16 74 7 115 34 88 60 117 73 120 150 91 88 64 43 44 7 26 42 67 76 73 141 49 308 432 197 99 150 28 98 82 29 1 4 29 13 34 86 125 51 99 134 44 19 23 37 33 10 4 2 16 11 2 4 4 4 2 2 2 7 12 34
548 598 310 52 247 183 32 144 139 93 93 78 17 70 205 213 17 40 50 72 91 82 68 32 72 77 120 494 530 152 297 33 13 16 79 47 98 34 82 131 100 86 173 105 80 74 48 42 39 24 41 36 58 65 105 118 148 305 325 96 199 64 69 93 56 18 11 5 26 36 112 132 28 107 117 47 10 11 20 35 30 15 5 12 15 7 4 4 3 4 1 0 0 8 22 42
28 401 709 710 368 61 229 86 103 162 147 49 69 160 228 38 62 36 52 89 92 86 77 25 165 60 526 586 221 329 241 29 16 45 63 72 66 53 122 143 34 177 129 78 84 69 55 45 7 36 34 33 69 77 166 26 235 246 266 67 146 64 79 67 38 17 21 4 32 122 123 8 128 107 28 14 8 5 19 37 28 16 5 13 5 2 1 4 3 3 1 3 4 19 29 37
116 108 196 578 839 689 271 80 225 220 106 75 162 209 97 62 11 55 75 92 81 96 92 66 172 376 656 207 190 360 200 21 25 49 48 66 40 99 153 54 128 137 76 60 58 46 34 8 20 34 34 56 82 73 177 147 256 215 196 126 2 90 46 38 23 9 29 65 122 104 41 150 103 18 2 15 16 26 43 44 24 13 8 15 2 1 2 0 2 1 2 8 17 31 32 13
68 107 225 141 223 529 621 522 370 324 284 246 257 170 70 39 57 49 82 76 73 114 61 156 22 580 429 49 235 343 139 7 31 27 38 32 47 126 95 63 141 92 63 51 50 36 4 14 22 49 59 56 57 61 150 225 245 200 113 127 85 57 29 17 12 37 103 131 59 72 139 97 19 27 10 12 21 38 38 26 12 7 10 15 3 4 3 2 1 0 2 17 25 29 22 12
54 60 130 168 129 166 139 345 494 563 574 526 352 158 116 99 45 56 74 69 84 107 42 261 200 690 196 181 304 268 61 8 33 22 45 13 76 117 12 127 119 95 73 56 53 30 18 27 33 66 52 32 41 81 76 245 255 190 37 78 96 37 23 6 47 116 125 22 103 124 65 27 2 21 6 7 25 45 30 9 1 1 12 13 0 1 2 1 2 2 12 34 36 21 0 34
46 51 96 117 21 115 108 145 118 44 98 226 322 361 239 154 130 85 57 72 90 86 62 251 433 695 20 305 309 146 36 23 23 1 54 58 102 53 102 127 96 90 63 42 37 10 41 36 36 57 41 35 35 99 35 244 250 151 20 22 65 22 14 79 127 87 35 125 114 46 7 21 10 18 8 11 27 38 25 16 8 4 10 12 3 7 11 11 8 11 36 51 37 20 21 43
42 38 77 115 27 115 117 52 41 91 143 148 29 236 387 309 171 154 117 77 103 90 126 152 663 438 230 343 201 59 27 16 8 45 73 105 80 62 139 101 84 70 38 19 22 18 44 28 20 41 39 37 26 102 111 227 210 130 29 51 10 40 101 126 37 86 127 89 39 3 17 28 24 9 7 18 28 25 14 22 21 15 8 14 14 23 23 21 22 36 55 45 30 21 33 54
34 34 71 107 39 87 125 73 24 22 46 53 83 99 122 362 315 178 186 163 117 43 104 429 577 46 313 276 99 29 18 3 36 48 74 117 19 133 105 70 69 47 23 18 17 15 32 32 34 36 31 29 60 72 180 218 182 113 19 36 48 107 118 25 126 115 49 16 12 19 20 21 22 13 10 17 21 15 5 8 20 26 8 16 22 21 12 17 32 53 42 21 7 29 58 62
25 27 70 102 57 59 132 79 17 10 38 38 25 69 132 13 266 285 214 252 211 111 57 535 253 198 294 187 48 13 10 13 39 56 112 89 93 143 84 65 51 30 15 14 16 28 39 38 33 32 24 7 106 34 215 212 179 49 21 53 100 84 31 155 111 28 14 13 8 25 18 17 13 7 18 25 19 12 3 1 15 20 10 12 24 20 14 36 41 38 17 9 36 65 68 47
22 30 76 102 67 36 126 82 22 25 41 34 16 18 59 119 45 183 206 146 202 216 226 560 60 256 252 126 53 11 8 7 27 93 141 3 148 123 87 65 41 26 13 5 26 40 35 21 21 30 15 14 109 105 206 209 143 37 60 90 39 51 136 131 29 7 10 5 12 25 11 18 11 3 11 31 28 19 13 8 12 12 2 5 21 24 30 43 27 19 5 38 55 66 43 27
24 36 81 115 91 32 100 78 34 35 35 17 7 30 59 51 92 109 195 490 423 271 492 505 97 269 190 71 59 21 9 14 47 158 87 92 128 102 79 50 35 25 13 13 32 34 24 10 12 27 22 37 67 111 218 217 41 72 48 13 81 105 97 49 11 8 12 22 21 19 4 17 12 1 3 30 46 28 20 16 5 8 4 0 12 27 42 53 27 23 22 62 63 39 23 18
19 19 52 97 101 39 63 71 36 25 19 10 9 40 72 38 29 169 324 561 119 153 681 401 245 248 128 38 45 27 19 8 135 160 26 113 109 99 65 46 25 3 6 16 43 34 25 17 7 17 7 58 15 104 260 182 67 35 27 86 96 69 54 19 8 13 17 5 8 4 11 14 9 5 12 29 53 26 7 10 7 3 5 10 17 43 54 56 24 29 49 71 54 22 17 16
5 5 35 66 81 66 32 54 25 13 8 7 11 39 72 49 22 149 337 549 92 283 728 204 343 188 67 23 35 34 21 73 179 43 103 103 113 78 41 45 24 9 15 22 45 37 6 17 7 10 34 43 50 174 272 60 76 41 76 84 46 37 43 19 13 12 16 18 13 10 20 11 8 15 21 32 36 21 13 5 4 5 9 15 25 54 51 31 22 56 64 71 44 21 21 13
10 6 36 53 60 71 22 36 31 38 40 38 36 52 81 64 34 147 323 560 124 424 660 86 327 106 31 17 27 35 57 141 72 90 106 94 96 54 27 35 25 17 21 31 41 18 13 18 11 38 91 57 114 276 194 48 7 70 65 46 20 31 40 10 18 15 18 32 43 45 41 35 33 31 30 31 14 10 21 27 28 21 16 24 52 70 36 10 54 82 84 71 38 18 15 7
14 5 34 40 42 70 34 16 38 45 42 41 45 59 77 55 30 141 330 565 133 518 541 208 230 50 17 18 7 47 120 77 70 106 73 71 73 46 18 16 22 17 21 29 21 20 32 25 31 97 108 70 255 305 58 46 63 45 38 20 10 33 28 2 13 13 17 28 47 50 38 32 32 34 34 26 11 12 22 34 34 27 20 48 73 55 24 52 83 92 71 44 20 7 6 12
11 8 26 32 37 72 54 16 11 7 3 6 17 40 57 42 19 114 375 553 55 567 402 260 139 13 1 18 25 96 69 57 118 76 41 45 60 45 17 9 9 2 16 22 11 19 16 11 48 123 52 148 370 224 57 31 45 26 33 12 16 34 14 2 7 15 17 15 11 6 5 4 5 15 13 2 15 22 17 17 14 17 41 62 47 16 61 88 96 66 21 2 2 4 8 21
