mpibenchmarks/sobel2D/sobel_red0.txt
ncols         1146
nrows         645
xllcorner     0.0
yllcorner     0.0
cellsize      1
NODATA_value  -9999
[rows 110 to 164 of 645, columns 384 to 479 of 1146]
135 199 17 36 41 239 118 418 106 48 46 24 5 0 4 10 17 15 7 0 1 2 2 1 0 0 5 15 17 7 1 1 0 0 0 0 0 0 0 8 12 4 0 0 2 8 12 15 16 16 16 16 16 16 16 16 15 12 1 2 1 1 2 5 8 10 8 5 0 1 1 5 13 16 14 14 20 23 14 2 18 24 8 0 0 0 0 1 3 3 2 22 23 5 16 9
19 190 47 61 44 273 107 419 152 38 45 58 57 31 10 26 38 37 24 16 12 12 10 7 3 6 7 11 11 3 0 2 0 0 0 0 0 0 0 8 12 4 0 0 2 1 2 3 4 3 3 4 4 4 4 5 14 18 7 2 1 2 1 3 3 7 10 8 10 10 11 10 6 4 7 14 22 31 33 34 37 32 13 5 3 1 0 0 2 0 4 15 24 25 31 32
105 216 242 118 67 299 100 366 412 444 433 437 394 298 165 56 23 30 4 20 29 22 14 13 5 12 9 5 16 10 2 1 0 0 0 0 0 0 0 8 12 4 0 0 1 2 1 0 2 1 2 1 0 0 0 3 6 15 14 7 2 1 2 2 2 3 8 11 12 13 13 10 6 2 3 8 17 29 38 42 36 25 17 14 2 2 0 0 1 2 2 7 15 23 31 37
195 251 322 308 97 291 60 277 605 737 737 720 714 726 697 572 392 242 116 25 21 16 0 17 14 12 10 17 15 12 0 0 0 0 0 0 0 0 0 8 12 4 0 0 0 0 0 1 3 3 1 2 0 0 0 2 3 5 15 11 1 2 1 2 0 1 3 4 4 3 1 8 8 9 10 8 4 3 5 5 4 3 13 19 13 4 0 0 0 0 0 0 0 2 1 17
135 173 163 410 142 251 66 315 353 279 266 273 341 447 571 684 718 688 635 551 393 186 28 17 8 13 8 8 10 5 0 0 0 0 0 0 0 0 0 8 12 4 0 0 0 0 0 2 0 1 2 1 1 2 2 2 2 2 17 12 0 0 0 1 2 1 0 0 0 0 1 5 10 12 11 11 6 0 2 0 2 0 5 13 15 9 0 0 0 0 0 0 0 1 3 13
96 175 278 405 252 198 142 395 273 89 101 120 142 163 208 318 465 579 633 672 709 685 506 234 42 12 2 7 4 2 1 0 0 0 0 0 0 0 0 8 12 4 0 0 0 0 0 1 1 1 5 12 15 14 11 4 4 13 18 8 0 0 1 2 1 0 0 0 0 0 0 0 0 0 4 12 8 0 1 2 1 0 0 4 16 12 0 0 0 0 0 0 0 0 0 13
78 169 394 263 321 192 252 372 207 70 120 142 156 165 171 191 234 296 337 379 470 609 745 715 508 281 96 8 6 7 5 1 0 0 0 0 0 0 0 8 12 4 0 0 0 0 0 0 2 0 13 15 15 17 17 15 14 19 12 4 2 1 2 0 2 0 0 0 0 0 0 0 1 2 3 11 8 1 1 2 1 1 3 4 14 11 3 1 0 0 0 0 0 0 0 20
75 164 333 91 333 280 317 264 156 76 60 63 61 58 42 19 23 81 164 241 290 325 472 683 755 707 544 274 67 18 17 2 1 0 0 0 0 0 0 8 12 4 0 0 0 0 0 0 1 2 14 16 0 2 8 16 15 11 2 1 0 2 1 2 1 0 0 0 0 0 0 0 2 0 1 8 11 7 3 0 2 2 2 1 10 14 10 5 3 3 1 0 0 0 0 22
59 85 222 21 362 440 353 222 134 48 21 24 5 8 10 27 40 44 39 18 77 162 227 345 507 673 805 751 416 121 49 21 3 0 0 0 0 0 0 8 12 4 0 0 0 0 0 1 2 1 11 15 4 2 2 9 11 4 0 1 2 1 0 0 0 0 0 0 0 0 0 0 2 0 1 4 9 11 7 6 4 2 4 6 7 11 14 11 5 1 2 0 0 0 0 18
94 89 229 16 476 556 283 133 99 80 92 85 67 53 39 19 5 22 26 28 35 44 22 53 160 296 503 810 917 689 382 161 65 29 4 4 0 0 0 9 11 3 1 1 2 1 0 2 0 2 7 15 15 8 1 2 0 2 0 0 0 0 0 0 0 0 0 0 0 0 0 0 2 0 2 0 4 10 14 15 11 5 2 0 2 4 11 14 12 5 1 0 0 0 0 13
130 80 248 212 644 495 152 49 78 33 20 11 15 11 15 29 43 59 73 75 72 82 98 105 78 18 100 302 637 909 920 674 359 175 82 13 5 9 7 7 9 4 3 2 0 2 0 1 2 1 2 7 15 13 3 1 2 1 0 0 0 0 0 0 0 0 0 0 0 1 3 5 10 12 5 2 1 6 8 8 13 10 4 2 1 1 5 10 12 7 0 0 0 0 0 7
136 97 173 507 642 284 109 62 76 21 71 99 102 111 125 124 124 136 155 170 172 159 141 125 127 133 103 56 42 290 639 874 757 436 275 170 41 14 19 11 5 9 6 1 2 1 0 0 0 0 1 3 13 15 4 1 2 1 1 2 2 2 1 0 0 0 0 1 2 1 3 7 12 11 13 0 4 1 3 3 8 10 12 10 1 0 1 8 15 8 0 0 0 0 0 1
67 103 135 716 452 83 95 31 88 166 185 208 242 258 272 286 293 288 273 249 220 191 182 194 221 235 207 183 182 152 38 355 742 684 377 290 264 109 11 5 9 10 11 0 1 2 1 0 0 0 0 2 11 12 7 8 6 2 2 0 4 0 3 1 1 1 0 2 0 1 4 12 11 11 15 9 3 0 2 0 2 5 8 13 2 0 0 8 16 8 0 0 0 0 0 0
75 43 299 676 190 62 126 97 156 222 281 308 297 268 203 126 42 33 80 105 128 153 180 184 170 146 88 10 57 105 144 93 267 692 666 314 215 305 187 28 17 12 12 0 2 0 2 0 0 0 0 1 8 11 14 18 17 10 1 2 1 4 2 2 2 2 0 2 4 2 4 17 11 9 14 12 4 2 3 0 0 1 11 13 1 0 1 8 15 8 0 0 0 0 0 0
117 108 430 458 86 97 104 70 152 151 96 35 141 229 285 320 334 342 349 341 318 305 293 281 276 253 219 214 205 156 87 42 33 235 684 696 232 87 301 325 145 3 16 3 4 2 1 0 0 0 0 0 4 6 9 10 16 16 1 1 1 1 1 1 1 2 3 4 1 2 3 15 15 14 10 12 3 0 3 2 1 0 12 12 0 0 1 8 15 8 0 0 0 0 0 0
91 298 451 253 73 22 114 76 161 236 327 381 380 354 315 260 200 153 117 88 72 67 35 12 10 15 27 43 71 119 152 140 77 10 198 708 773 261 25 178 362 223 28 14 4 0 0 0 0 0 0 0 1 2 3 1 18 17 2 2 0 2 2 0 0 3 1 4 1 0 3 9 13 16 14 10 3 2 1 0 2 0 12 12 0 0 1 8 17 8 0 0 0 0 0 0
102 433 401 201 109 117 205 195 243 250 215 164 109 63 39 37 40 35 18 7 13 32 21 13 10 5 10 11 4 10 8 44 90 98 54 210 694 848 325 159 52 372 305 63 14 4 2 0 0 0 0 0 0 0 2 1 15 14 11 10 9 5 3 0 0 3 3 4 1 5 8 10 4 2 3 3 2 2 3 4 2 0 13 13 3 1 1 7 17 9 1 5 10 13 15 12
160 458 390 327 227 159 165 84 40 45 35 14 43 61 47 27 10 7 14 18 7 23 53 62 52 37 13 4 15 18 16 12 18 44 75 48 161 646 883 366 188 80 350 355 73 14 3 0 0 0 0 1 2 1 2 2 8 12 17 17 12 7 3 0 1 2 0 2 1 11 10 13 6 0 0 0 0 0 2 0 2 0 14 14 2 2 0 6 16 12 4 10 17 22 22 19
240 395 418 394 93 90 82 74 36 43 38 50 33 3 14 21 24 20 29 31 21 17 9 10 26 32 16 10 5 8 12 10 3 1 15 54 52 187 631 842 401 190 148 331 349 66 10 6 8 5 3 10 11 8 2 2 3 6 4 4 13 14 8 2 2 2 2 2 0 11 9 8 8 12 12 12 12 12 11 10 11 11 11 11 3 1 0 6 12 15 10 13 20 11 8 21
219 331 420 351 31 50 59 52 14 40 17 30 46 43 26 16 16 20 39 40 42 22 5 5 28 34 28 22 13 7 7 8 5 10 23 28 32 65 218 637 861 492 149 166 356 349 45 10 5 10 7 14 8 14 3 2 2 0 4 3 4 14 14 7 4 2 1 1 0 5 10 5 8 12 12 12 12 12 12 12 12 12 9 5 0 0 0 4 8 14 14 18 22 9 8 20
198 297 402 252 35 57 64 10 59 67 45 40 24 39 33 15 10 29 41 54 74 88 86 82 78 70 50 36 28 41 70 104 132 147 158 163 144 100 57 143 549 855 538 191 121 438 313 15 2 2 10 10 7 16 3 2 0 2 4 2 3 6 12 14 9 3 0 0 0 0 4 12 8 0 0 0 0 0 0 0 0 1 2 1 0 0 0 3 8 14 11 14 21 22 22 19
224 275 372 180 32 48 46 86 39 14 28 7 41 45 27 56 93 128 134 121 103 114 129 120 109 107 78 66 93 117 131 121 76 26 13 26 20 63 85 118 45 491 825 388 296 4 490 186 14 11 7 6 8 17 2 3 3 3 2 1 1 2 8 14 16 5 1 1 2 1 3 11 8 4 3 1 0 0 0 0 0 0 0 1 2 1 1 7 15 14 6 4 11 15 16 12
234 249 304 159 17 10 86 56 32 26 46 58 16 79 89 122 117 97 113 159 176 173 147 124 116 124 120 176 163 74 16 64 118 128 111 91 87 66 56 38 53 86 547 724 113 319 230 394 69 10 11 10 7 16 3 3 3 2 2 2 0 0 3 7 13 14 8 1 0 2 1 8 9 7 5 3 0 0 0 0 0 0 0 2 0 1 8 14 15 8 5 3 0 2 2 4
163 246 244 122 52 82 81 34 45 54 23 15 62 45 69 110 114 100 81 81 67 73 87 96 109 163 210 176 128 99 36 55 49 43 71 75 62 48 38 22 44 10 256 658 541 139 88 366 230 34 1 13 5 12 4 1 1 3 3 1 0 0 3 2 6 14 14 2 3 1 0 4 7 5 7 3 0 0 0 0 0 0 2 5 6 8 15 14 8 4 3 3 9 12 12 12
112 336 254 70 42 119 73 46 40 64 42 71 28 84 65 59 158 139 120 25 49 19 33 85 121 144 126 89 112 103 87 75 76 76 65 66 82 77 54 44 0 48 113 487 646 139 136 179 317 122 4 14 4 10 4 0 0 0 0 0 0 0 2 4 2 12 18 4 2 0 0 1 4 10 8 1 0 0 0 0 0 0 8 14 16 15 12 5 2 5 4 10 20 25 26 32
186 472 206 119 192 187 138 97 63 46 29 90 100 27 143 44 180 146 71 98 42 46 53 62 70 36 84 113 97 64 51 47 40 24 35 42 10 67 106 102 65 52 53 348 688 250 102 69 283 182 24 14 2 10 7 2 0 0 0 0 0 0 0 0 0 12 17 4 1 0 0 0 4 12 8 0 1 2 1 0 2 6 14 14 7 5 4 4 5 4 0 19 23 13 16 22
398 531 34 326 298 241 191 179 168 36 42 41 102 71 151 125 140 234 96 83 52 36 70 54 64 135 111 103 95 63 29 11 27 17 15 44 109 137 117 101 90 79 49 197 686 507 133 89 305 160 46 17 1 7 9 7 0 1 2 1 0 0 0 0 0 13 16 4 2 1 0 0 4 12 8 0 2 0 2 0 8 14 14 8 2 0 2 3 1 3 3 22 24 5 9 11
625 452 527 691 452 239 114 104 160 95 38 74 98 49 63 165 139 206 221 49 140 113 27 58 146 136 85 90 69 38 7 15 30 23 38 75 77 68 47 54 70 79 75 85 522 678 255 173 393 105 51 26 8 9 11 11 8 8 7 5 3 1 0 0 0 11 15 11 4 2 0 0 3 10 10 4 2 2 1 0 14 15 11 13 12 8 4 0 5 10 20 28 20 8 16 8
774 264 797 619 534 329 191 147 91 91 32 77 63 35 91 97 185 197 284 154 131 181 104 63 133 72 77 70 31 8 17 5 12 45 77 43 32 62 49 42 48 47 63 37 341 542 310 371 449 60 42 36 15 12 11 10 12 10 7 6 2 1 0 0 0 5 13 18 10 2 0 0 1 7 11 9 4 0 0 1 16 18 19 22 19 8 2 6 21 29 34 32 16 10 15 2
812 159 743 698 453 275 155 244 152 174 28 27 91 17 105 24 149 199 308 296 74 124 123 104 103 58 55 26 3 8 4 8 41 80 51 23 89 140 132 46 24 27 50 10 242 338 246 579 439 37 33 36 15 12 7 3 4 4 8 10 11 11 7 2 0 0 1 15 16 10 4 0 0 1 5 11 7 0 1 2 16 23 26 10 25 10 2 8 22 22 19 13 11 7 9 2
782 101 391 527 297 196 125 174 195 217 50 46 119 15 79 80 75 128 234 329 160 100 130 87 87 63 42 26 6 1 22 15 86 66 11 113 173 187 204 102 36 18 46 23 140 241 423 713 336 5 27 36 12 11 2 3 3 2 5 11 15 13 12 5 1 1 3 9 14 15 10 0 1 2 3 12 8 0 2 1 18 24 22 10 27 11 2 10 22 22 17 6 6 2 6 2
718 49 218 289 126 123 159 293 334 192 89 75 56 84 85 94 138 128 90 278 193 100 134 81 74 48 31 29 9 28 31 44 93 29 121 222 203 182 223 127 58 13 39 32 47 156 617 768 223 34 34 43 10 7 5 3 3 2 0 1 2 6 13 10 5 1 2 4 3 14 16 2 2 2 1 12 8 0 1 3 18 22 28 26 20 10 1 8 18 27 29 24 12 2 6 4
618 38 159 182 323 183 173 261 150 37 14 39 36 98 55 80 130 68 116 235 136 184 126 63 63 49 29 21 41 69 38 65 63 66 212 244 139 179 223 140 70 12 27 24 24 82 584 877 309 36 61 48 17 14 4 2 4 1 0 0 1 2 8 13 10 2 3 2 1 15 18 0 2 0 0 11 8 1 1 2 11 18 23 22 14 5 0 4 10 18 21 22 18 5 5 1
543 73 113 17 76 138 149 160 284 283 166 103 213 177 136 139 140 155 143 56 168 101 22 39 65 36 26 12 88 38 84 58 38 125 262 183 54 187 223 152 71 15 12 12 15 28 394 904 530 21 52 21 5 12 11 7 1 0 0 0 1 2 7 11 10 3 0 0 0 15 17 3 2 2 2 8 10 5 2 1 2 1 17 15 2 1 0 0 1 8 11 20 24 8 0 2
502 110 95 76 123 63 77 87 48 142 247 328 332 237 207 186 133 91 45 113 54 80 5 60 53 17 37 37 106 17 94 58 18 210 293 118 71 178 232 173 83 15 11 30 46 36 179 830 744 94 19 14 1 7 15 13 3 1 0 0 2 5 10 9 7 2 0 0 1 14 15 2 1 2 3 7 11 9 3 1 2 2 16 17 1 1 0 1 7 14 15 19 21 8 0 1
431 72 81 95 206 86 90 74 84 29 175 217 38 20 63 85 39 24 63 93 36 76 55 84 44 20 14 53 78 39 78 72 50 306 282 88 96 160 243 218 115 19 50 70 63 71 48 673 882 208 15 14 3 0 10 17 14 6 1 1 3 4 8 11 7 1 0 0 2 15 14 1 1 3 4 0 7 10 10 5 2 0 10 18 13 4 0 3 14 24 25 22 15 6 0 0
341 49 25 82 159 204 124 70 59 79 99 182 161 100 4 35 65 104 94 99 11 44 41 60 20 11 8 72 56 62 70 74 112 353 214 52 84 138 225 247 155 24 60 48 36 43 40 447 924 418 12 9 2 0 3 9 18 13 7 7 4 3 2 8 12 5 1 0 1 15 13 5 4 2 4 2 2 6 11 10 4 1 4 11 15 9 0 6 22 25 18 13 9 4 1 1
232 124 126 68 82 201 235 226 216 215 262 208 126 125 25 76 86 65 114 97 55 24 59 39 14 21 19 97 66 101 76 53 162 351 155 14 48 119 203 256 177 31 46 57 24 10 33 247 888 639 37 9 2 1 1 1 12 16 17 16 14 8 2 3 9 11 5 0 1 11 15 11 8 3 5 3 1 0 11 10 3 2 0 5 16 11 1 10 23 22 13 4 3 2 2 7
120 142 215 215 154 22 84 84 111 76 18 107 141 112 51 37 112 177 143 24 81 52 61 18 16 36 36 115 64 140 83 35 228 330 118 15 41 102 181 259 193 48 16 72 55 14 20 100 808 785 91 7 3 2 0 2 4 8 9 8 14 12 6 2 2 10 11 6 2 4 11 15 13 4 2 3 4 3 11 11 4 3 2 5 16 10 4 13 22 19 10 8 7 5 1 10
66 206 223 312 252 127 35 59 62 56 98 44 93 127 110 135 172 148 23 153 76 113 71 25 33 66 61 120 70 166 99 74 290 281 62 30 53 84 148 241 220 94 22 60 72 16 31 10 709 874 154 8 6 1 2 1 0 0 0 2 11 17 12 7 2 3 8 11 6 2 2 11 15 12 4 4 3 3 9 12 5 0 4 2 14 15 13 17 23 16 7 7 8 5 2 13
32 204 162 324 437 233 57 33 48 112 104 68 70 112 61 107 80 56 102 142 44 133 88 41 78 84 65 123 82 187 114 114 311 209 13 43 57 77 115 181 235 163 37 52 83 36 28 51 641 912 183 15 10 1 0 0 0 0 0 1 4 11 14 8 4 2 3 11 11 1 2 3 8 15 10 3 2 3 8 12 5 2 2 2 5 8 13 22 24 13 3 8 11 3 1 12
78 197 222 178 503 485 171 36 14 125 79 33 94 87 62 94 67 27 128 96 49 122 79 74 104 83 43 119 64 204 106 139 299 159 38 35 51 87 109 119 210 208 64 54 86 44 42 38 614 900 190 14 13 2 1 3 3 1 0 1 3 9 16 8 2 2 0 12 10 2 1 0 4 16 12 1 2 0 7 11 5 0 0 0 2 4 14 24 25 12 2 10 11 1 3 7
98 223 264 182 280 617 516 225 129 161 41 4 105 23 128 99 56 60 140 60 42 129 26 101 93 55 16 120 48 221 89 177 272 116 47 35 50 101 115 95 180 221 86 45 84 63 59 15 591 880 215 14 14 5 3 2 2 2 0 0 0 8 16 8 0 0 2 12 8 0 2 0 4 16 12 1 2 1 5 8 8 2 1 2 0 4 13 26 32 13 2 7 20 28 26 21
138 273 268 131 8 244 537 489 323 166 86 35 73 105 100 20 81 174 172 90 106 134 35 108 87 37 33 128 51 230 59 219 224 75 49 38 49 105 113 77 158 230 101 28 65 76 66 25 575 875 249 11 11 8 4 4 3 1 1 3 3 9 16 8 0 0 1 12 10 2 0 2 6 16 11 2 1 3 5 7 12 8 2 0 2 1 8 27 45 16 5 12 26 28 26 25
149 301 207 96 183 208 153 281 325 269 242 236 127 98 89 122 122 189 120 67 166 104 84 116 91 26 45 141 43 238 24 231 177 43 38 33 47 100 106 67 145 235 114 27 56 64 71 15 549 884 285 8 8 8 0 3 3 1 2 2 2 8 14 14 7 1 0 12 12 0 2 0 7 13 14 10 4 1 2 5 12 13 2 0 2 0 4 19 46 24 7 17 21 8 15 25
149 299 167 115 56 72 98 78 122 182 252 253 250 281 334 273 184 164 65 104 180 54 101 106 74 31 28 166 24 247 17 222 160 26 32 30 46 91 109 80 146 225 117 27 55 56 83 5 511 894 315 14 10 3 2 0 2 2 1 3 3 3 8 15 14 5 3 12 10 5 1 2 3 8 14 14 4 0 1 3 12 12 4 4 3 1 2 14 31 29 20 16 21 5 12 24
166 253 76 72 129 208 177 83 78 18 38 80 103 173 199 199 146 109 48 131 176 33 100 110 84 70 50 173 80 235 68 204 143 19 38 29 43 96 123 93 153 207 95 8 38 67 105 23 481 886 347 10 8 2 4 6 9 10 7 2 0 0 0 7 14 15 9 10 10 10 7 1 2 1 8 16 6 1 3 1 6 11 13 13 8 4 0 9 18 30 39 33 17 3 2 12
187 256 99 113 110 29 166 242 98 51 21 62 30 114 29 104 13 31 38 170 157 45 111 138 66 64 35 139 127 203 107 175 105 40 55 57 72 123 144 125 177 168 56 13 13 51 117 76 424 841 416 11 6 2 6 8 9 10 11 6 0 0 0 2 7 12 15 6 5 10 10 6 4 1 7 14 8 3 4 4 3 6 9 10 13 7 3 7 10 15 23 25 15 2 1 3
187 291 141 152 41 180 185 108 175 107 49 57 99 88 101 36 43 33 92 214 83 82 120 122 29 80 60 102 152 181 120 151 76 49 64 83 110 154 163 147 154 101 31 21 14 27 104 121 377 792 470 22 4 2 7 11 10 3 12 8 0 1 3 3 2 13 17 3 0 7 10 14 15 10 7 11 15 15 12 8 1 0 2 1 12 12 14 12 7 2 1 11 17 5 1 2
227 277 106 118 171 270 135 186 46 141 134 133 88 25 129 18 45 47 173 217 9 98 121 69 65 53 94 100 198 182 149 130 52 52 67 92 124 151 146 139 119 62 23 11 10 13 77 121 380 804 489 24 7 4 2 4 11 8 11 8 0 2 2 3 2 14 14 5 2 2 4 4 7 12 7 7 9 11 14 14 8 8 5 3 4 7 8 8 7 4 2 12 19 12 12 11
315 245 82 107 45 336 188 185 83 109 191 195 96 81 104 73 87 84 256 175 36 130 127 20 59 27 114 52 270 148 190 89 54 75 82 117 154 147 130 132 93 45 24 13 8 9 60 86 400 848 482 21 15 8 8 7 5 11 9 6 0 1 3 4 1 10 14 14 10 1 2 1 3 8 9 8 4 0 7 12 15 16 14 10 0 2 8 12 10 3 1 20 33 27 24 27
306 244 74 79 87 166 179 126 123 83 132 194 194 126 33 129 54 187 283 108 92 180 79 81 20 102 87 71 304 43 190 42 72 100 118 149 151 120 100 81 47 25 21 14 1 4 49 50 444 900 450 18 22 11 8 11 3 4 4 3 0 0 0 1 2 3 6 12 14 8 9 7 4 3 6 10 8 4 4 6 8 8 15 15 2 2 10 8 2 1 2 28 41 18 13 18
246 194 124 50 78 111 81 33 83 143 154 242 247 64 101 114 90 274 212 32 178 131 38 90 50 110 33 168 279 82 136 49 81 119 127 131 110 76 52 42 54 41 23 18 13 5 34 25 480 928 435 19 22 7 10 12 7 8 9 4 0 1 2 1 0 0 0 7 12 15 15 14 9 2 1 7 10 9 4 0 0 0 16 16 0 4 12 6 1 3 3 30 44 12 4 12
205 99 177 31 81 79 121 189 281 319 302 291 165 85 152 63 245 227 78 106 148 28 86 42 122 47 61 246 267 170 117 96 111 126 113 128 111 66 25 12 31 36 18 24 18 9 22 16 476 914 456 32 14 1 8 11 9 8 11 10 9 10 9 7 6 5 2 2 6 8 8 15 15 9 4 3 5 10 8 4 1 1 16 17 1 4 11 9 11 14 13 28 41 12 4 10
170 55 183 70 102 101 133 127 124 157 151 119 89 186 35 270 241 86 48 92 40 26 70 56 109 48 91 317 248 207 147 117 120 114 114 133 102 76 59 38 30 41 28 28 19 15 23 23 496 921 434 16 24 8 3 8 8 5 7 10 12 13 13 11 11 10 8 3 2 2 0 10 14 12 7 0 3 7 10 8 3 3 16 18 2 4 10 15 18 19 22 25 34 10 5 11
