mpibenchmarks/sobel2D/sobel_red0.txt
ncols         1146
nrows         645
xllcorner     0.0
yllcorner     0.0
cellsize      1
NODATA_value  -9999
[rows 385 to 439 of 645, columns 96 to 191 of 1146]
70 58 34 45 47 43 48 75 82 47 51 52 21 9 25 56 54 6 86 115 379 707 409 99 20 18 8 8 0 4 16 23 20 12 10 10 11 20 21 11 9 10 14 18 20 26 31 28 11 12 35 43 31 10 21 74 163 274 395 512 602 666 695 689 656 596 507 411 321 232 151 80 9 21 16 31 34 23 16 38 25 18 10 4 4 7 13 17 9 17 22 2 4 11 11 4
63 56 38 46 50 44 46 72 81 52 51 43 16 6 31 57 44 6 95 106 428 704 259 28 24 21 6 4 1 6 14 20 20 18 19 15 15 19 18 18 17 17 21 24 18 10 25 16 16 18 21 27 45 61 62 54 46 33 23 48 98 163 265 369 465 543 602 646 667 657 624 571 476 349 241 156 71 14 39 63 39 18 6 13 24 27 22 22 19 12 21 15 16 17 14 10
56 53 38 47 58 43 36 70 82 57 53 36 12 15 38 55 30 3 117 115 382 690 316 13 17 10 7 9 8 10 16 7 9 9 10 20 17 19 40 44 32 26 28 31 29 34 44 37 38 50 58 54 41 25 19 19 12 17 17 31 44 12 14 29 16 34 115 210 292 370 458 561 644 668 660 626 562 489 406 314 220 147 86 37 11 26 30 24 15 1 17 30 34 25 11 10
49 50 41 51 63 43 29 70 84 60 56 32 12 24 34 44 21 17 147 100 376 680 345 19 9 9 15 16 20 15 14 10 28 34 31 21 7 18 20 31 25 16 19 22 20 26 39 36 25 20 21 23 13 1 8 18 15 27 43 47 37 12 6 22 23 15 11 36 34 18 24 42 120 225 318 395 458 514 563 596 589 554 499 414 334 272 190 112 67 38 18 11 10 22 25 28
50 58 46 53 62 41 29 72 85 57 53 35 14 22 26 39 19 36 164 78 392 664 327 38 25 10 14 3 23 16 10 14 22 11 15 12 5 17 17 21 19 0 8 15 8 0 15 22 22 18 14 14 14 13 12 12 16 28 29 15 13 17 8 8 15 10 10 39 38 23 19 4 17 26 52 51 46 86 145 235 320 384 440 464 486 518 508 456 405 344 269 201 142 89 55 37
52 66 46 51 59 42 33 71 83 50 48 39 12 17 23 41 19 63 166 38 406 653 296 21 34 14 2 12 18 10 14 14 13 7 6 4 12 18 11 15 12 0 8 14 8 2 10 11 23 28 12 14 14 9 7 8 12 31 28 19 17 19 17 4 11 15 15 28 35 32 28 32 33 27 45 52 53 54 40 26 28 49 91 111 143 198 269 320 362 383 365 338 305 232 129 45
44 68 54 52 53 44 38 65 77 48 44 40 14 16 27 41 16 102 147 43 429 622 263 11 22 23 13 5 7 8 10 12 13 9 4 12 9 22 8 12 7 0 8 15 8 2 15 24 26 21 20 18 9 7 14 20 17 12 23 28 21 24 24 1 2 9 18 27 42 50 40 36 39 36 31 13 21 34 33 23 10 28 55 28 10 48 60 46 49 103 134 146 190 226 213 82
42 67 58 50 49 46 41 63 71 48 45 41 20 18 29 37 30 136 112 113 469 578 226 41 31 13 24 11 11 14 15 10 5 7 10 18 8 25 14 16 10 5 11 13 8 5 20 24 17 12 19 17 5 10 11 8 10 13 19 24 20 26 24 2 2 2 5 12 17 35 23 4 3 34 38 5 14 27 38 38 27 35 51 28 24 47 49 45 46 68 83 56 60 239 253 57
53 63 50 45 48 46 43 69 73 50 55 45 23 19 28 25 58 159 65 179 531 542 163 20 13 11 19 13 18 7 12 12 11 11 12 20 11 21 12 14 15 11 14 10 8 10 20 21 15 10 9 15 20 18 15 19 19 18 10 29 32 32 17 2 2 1 2 10 23 32 21 13 13 25 43 14 15 24 44 43 18 18 41 35 36 59 63 52 44 72 87 43 99 275 158 137
57 54 47 47 50 47 46 73 79 54 55 42 17 14 25 10 93 173 23 239 582 485 81 33 30 4 20 11 14 19 17 13 7 15 12 18 16 7 15 15 8 16 13 7 15 20 24 22 15 8 2 4 12 22 20 8 3 2 28 37 24 22 13 10 7 8 15 25 30 26 19 13 7 21 43 23 11 24 51 40 10 16 41 52 56 68 60 37 34 83 82 61 208 252 123 482
47 48 56 56 51 46 46 72 80 53 49 40 14 7 20 12 131 164 24 287 599 423 57 18 24 22 12 5 3 7 9 8 5 18 12 7 11 8 5 7 9 18 20 18 14 19 29 23 10 1 2 3 2 6 17 12 2 12 33 24 11 14 17 16 17 12 17 18 18 18 23 22 28 31 36 25 9 31 53 29 8 21 51 53 52 61 35 12 34 89 74 142 293 80 433 535
39 51 58 57 52 44 45 72 79 50 43 39 13 8 15 42 165 128 63 353 603 363 72 37 39 28 16 5 2 2 8 11 13 21 21 5 8 8 10 11 20 28 24 22 22 27 28 5 3 2 0 3 1 17 30 19 12 17 28 19 10 8 12 22 23 17 17 10 16 22 21 24 30 25 25 21 7 41 58 31 18 29 52 45 53 62 24 20 52 78 95 245 253 215 578 335
52 66 47 52 58 45 45 76 80 43 37 40 17 24 20 80 180 72 111 440 601 281 57 22 10 7 11 7 2 6 14 15 17 18 26 9 14 10 10 13 14 15 12 30 42 33 8 6 1 3 4 2 7 29 25 15 13 17 21 17 14 14 15 21 20 20 21 12 10 30 26 14 15 11 16 15 25 64 63 29 20 35 63 62 61 53 33 56 77 77 174 303 74 473 522 161
63 57 35 55 58 46 48 75 73 38 42 56 42 39 29 123 170 14 158 507 560 194 39 24 4 6 14 9 2 8 18 12 14 23 35 26 18 14 13 12 12 12 15 37 22 27 25 20 10 2 0 2 7 33 29 7 4 14 20 20 20 15 10 14 15 20 26 26 34 42 25 2 13 21 26 27 52 68 47 26 34 52 76 63 49 44 51 87 93 146 282 227 219 575 317 41
65 44 38 56 48 48 51 66 65 44 54 65 39 27 35 158 129 52 223 565 497 134 37 24 2 6 13 11 2 11 29 24 17 14 21 14 17 16 12 7 7 12 16 31 37 43 24 24 16 10 8 6 3 17 29 19 22 32 24 19 21 14 8 10 12 22 38 20 20 23 4 10 6 16 31 53 62 45 40 30 31 50 61 50 48 48 53 87 96 214 268 20 462 472 104 36
67 44 46 57 43 51 52 59 66 55 51 57 32 3 57 180 71 92 296 606 413 73 30 24 2 4 13 14 8 17 30 12 7 10 14 8 15 13 5 0 4 12 12 12 17 14 9 18 13 7 4 10 16 24 26 24 26 14 4 16 22 8 8 11 8 23 37 19 23 31 31 14 26 39 51 49 34 35 51 42 31 45 53 55 58 42 44 68 147 265 123 315 542 279 26 23
76 55 49 57 46 56 54 58 69 56 40 41 32 8 115 180 13 123 367 601 327 38 24 22 11 17 14 14 13 14 20 11 8 9 10 6 9 10 9 1 5 11 10 4 5 7 14 16 17 21 28 36 32 18 14 16 25 30 20 20 27 14 11 11 10 26 26 11 18 14 7 25 35 32 41 33 29 50 68 62 44 43 52 51 59 41 32 91 265 248 126 504 432 112 18 23
82 74 49 53 47 53 58 59 61 49 32 27 28 38 172 134 61 158 445 562 253 40 18 15 10 14 14 8 16 12 15 8 4 8 11 4 11 11 5 10 13 10 9 7 9 14 18 18 23 24 22 21 13 9 10 8 8 14 13 15 18 22 27 19 16 23 14 14 17 45 48 38 29 37 53 59 76 77 62 61 41 38 46 48 58 40 42 206 348 79 405 495 204 8 8 17
84 88 47 51 49 52 63 58 56 45 23 19 18 93 203 70 91 198 519 511 182 40 13 4 1 11 7 2 18 18 14 5 3 9 12 3 6 6 3 12 9 6 7 12 14 14 15 18 20 16 13 14 7 4 11 13 20 24 18 12 12 17 33 27 13 14 7 14 45 59 32 28 23 38 64 66 56 35 35 53 30 24 38 46 52 51 133 304 241 225 561 323 42 21 7 15
80 85 53 52 49 51 59 60 62 45 21 15 39 153 189 22 100 280 582 447 116 14 6 4 4 3 11 21 52 55 32 4 2 11 12 1 0 0 5 13 9 1 6 15 14 10 15 21 15 8 8 8 5 12 12 14 20 15 7 7 27 42 38 26 14 16 22 41 58 42 14 9 17 48 73 55 37 30 39 38 26 36 49 53 49 115 279 270 30 451 503 128 7 34 17 21
75 80 58 52 51 57 60 65 62 29 8 25 79 185 137 35 117 396 615 354 61 8 2 7 6 3 16 27 50 11 38 5 10 20 33 28 10 3 7 10 9 4 12 15 14 14 19 18 7 2 5 5 10 17 15 18 17 7 2 10 35 37 26 27 26 30 44 54 44 25 17 18 38 66 64 37 25 44 55 36 38 57 55 62 75 218 329 97 297 527 312 41 27 32 19 23
74 74 52 53 58 60 61 63 46 21 17 49 127 170 72 47 166 500 583 238 27 4 3 7 9 5 13 24 49 43 32 7 15 17 21 34 24 7 8 8 7 11 21 23 25 25 18 7 0 1 2 2 11 16 24 23 8 2 2 15 32 40 25 16 21 24 39 35 17 12 13 23 51 46 43 42 41 57 62 48 48 52 59 69 140 289 224 147 507 445 122 20 32 21 7 19
74 70 51 60 63 62 63 62 36 17 20 76 165 125 11 50 219 567 522 145 19 19 13 20 21 14 11 11 23 14 16 23 15 8 29 29 19 12 10 5 6 18 23 18 21 22 17 13 9 3 0 2 14 23 34 25 10 13 19 21 25 38 29 16 17 20 35 21 10 15 10 27 47 26 50 65 50 63 55 42 48 58 79 111 259 282 11 386 529 234 15 17 15 2 10 27
74 71 57 64 65 65 63 60 37 20 11 115 197 76 23 58 290 602 438 73 35 34 15 11 8 12 12 10 17 18 10 10 3 22 24 15 2 10 7 2 7 25 20 8 20 20 11 13 14 8 3 3 17 37 38 24 19 21 26 25 35 51 37 26 26 27 20 16 24 17 7 32 45 35 69 71 52 65 50 49 69 73 90 196 328 149 279 523 348 68 9 17 17 5 8 18
78 69 56 67 69 65 65 65 44 24 21 167 201 24 48 112 387 588 330 34 22 32 5 4 1 3 3 3 9 15 21 25 16 21 34 4 12 7 12 16 16 20 15 10 26 24 8 2 10 11 17 24 33 43 32 21 26 30 33 43 60 64 47 43 40 29 15 8 33 27 18 34 52 51 72 68 56 58 30 34 74 72 138 284 268 83 510 443 110 45 17 7 18 14 5 16
81 65 51 67 76 64 69 69 43 17 28 210 168 46 70 182 461 525 240 40 34 30 3 2 1 3 3 4 11 14 8 14 30 17 40 3 13 13 14 12 10 6 10 26 34 17 4 1 5 8 19 27 43 50 36 25 21 19 27 41 45 41 24 23 22 16 11 21 52 51 43 55 70 62 65 62 50 52 32 48 86 109 236 268 86 342 559 220 39 76 33 10 13 14 24 15
75 62 49 69 80 64 65 68 42 14 66 234 106 69 79 270 525 438 160 33 16 8 3 0 5 7 7 8 12 11 7 18 21 21 34 7 10 11 17 17 16 12 9 34 37 7 1 2 1 4 18 25 32 30 21 20 22 20 20 34 35 28 14 12 4 7 4 36 57 43 39 58 72 61 60 65 60 61 66 96 115 210 294 140 192 521 391 50 17 69 39 5 7 13 30 18
66 55 47 67 80 65 60 63 33 7 130 218 40 71 113 396 579 335 86 26 8 5 4 4 6 14 14 9 8 11 14 12 4 17 22 7 20 25 18 12 10 14 13 31 36 10 7 4 2 7 23 28 24 25 23 23 36 41 40 41 39 23 11 10 8 12 24 51 49 35 35 53 54 38 49 64 58 51 64 74 157 296 225 72 428 478 149 25 32 51 42 10 8 14 27 23
59 51 42 62 87 69 53 53 27 34 203 170 18 77 201 505 540 216 29 11 25 20 16 16 17 19 17 11 8 10 17 6 11 26 35 28 16 17 16 1 7 22 18 18 29 32 29 20 14 20 30 20 17 18 25 41 36 15 11 31 31 15 10 12 16 29 45 52 54 46 42 60 56 44 58 65 50 51 63 108 268 275 31 312 509 283 32 35 49 49 35 7 8 19 22 21
60 57 48 65 88 69 48 35 18 91 247 101 58 97 292 538 429 135 8 15 10 14 6 7 5 4 2 7 6 7 13 6 14 27 28 5 11 18 16 3 10 27 19 5 8 14 17 15 13 35 30 11 13 13 27 51 34 7 14 35 23 9 5 13 17 39 50 47 47 40 44 61 57 54 66 58 56 65 89 222 311 118 224 483 383 117 35 31 27 27 17 3 6 17 26 32
56 50 41 58 77 71 48 5 14 171 235 36 63 123 377 543 333 91 8 14 15 18 13 12 7 4 3 2 1 5 8 10 10 21 24 22 20 11 11 7 17 24 16 1 4 13 22 32 39 36 26 15 19 18 34 55 30 15 26 34 19 4 8 15 35 56 45 29 28 41 50 60 56 48 50 51 60 60 185 323 192 101 430 464 209 79 40 16 16 24 21 8 5 6 16 22
45 45 50 60 77 76 45 24 41 232 177 5 60 183 486 539 234 43 5 3 12 15 9 10 12 12 9 10 10 11 13 13 8 15 10 20 18 13 17 24 23 17 10 4 6 16 22 40 38 22 22 22 26 33 38 52 27 14 22 19 13 22 36 45 53 46 26 25 37 48 62 76 58 39 50 63 50 101 324 277 36 305 481 274 74 37 10 0 9 20 21 10 7 4 11 17
40 49 63 66 74 72 36 22 134 237 83 30 74 289 573 457 126 13 4 8 12 8 6 12 9 5 14 17 16 13 13 12 10 18 7 38 25 21 33 33 17 8 4 4 2 26 42 45 27 10 20 21 23 19 21 43 20 4 19 18 19 51 51 40 29 23 37 58 62 62 81 80 36 33 63 55 67 226 342 114 227 454 363 99 52 59 26 3 3 22 26 10 7 10 14 16
55 66 66 60 64 65 21 25 203 175 13 25 110 413 591 326 64 10 1 9 12 7 22 32 35 19 4 4 4 7 9 15 18 26 7 50 7 11 32 9 9 3 5 19 41 57 53 26 14 12 16 16 21 19 26 39 14 1 18 31 47 61 34 16 19 35 67 72 55 63 79 51 22 50 75 66 180 317 208 68 407 464 177 25 25 41 38 5 10 26 26 4 5 15 11 5
65 62 50 51 64 63 8 82 238 101 27 29 182 501 543 205 21 15 5 8 14 13 25 24 25 24 11 14 16 15 22 28 23 31 18 37 22 5 23 5 4 14 25 42 57 53 26 2 12 15 15 14 21 34 37 31 19 21 30 49 55 41 11 18 28 41 65 60 38 46 50 28 41 71 76 140 296 262 37 249 494 332 56 8 23 37 40 14 12 23 18 1 4 18 14 9
65 58 52 57 63 59 27 168 233 41 38 82 281 524 451 139 7 17 9 10 4 2 16 21 18 15 11 7 10 12 13 5 10 26 24 29 30 22 21 14 22 39 39 33 30 12 5 12 21 19 13 15 28 45 37 24 32 41 44 46 46 23 7 36 46 46 51 57 41 43 38 23 55 73 128 279 287 99 167 425 401 152 25 18 29 40 33 18 15 21 20 9 9 20 19 17
61 62 70 64 44 43 75 230 175 48 71 137 351 518 363 113 26 23 15 15 13 8 8 14 5 14 18 7 7 9 13 15 10 21 37 38 34 24 21 18 33 39 24 11 14 12 19 28 26 20 17 31 42 45 37 19 32 41 39 39 39 16 25 67 80 75 62 64 62 55 40 32 70 94 241 326 136 76 357 440 189 59 44 16 22 58 78 49 16 24 24 12 12 19 20 32
64 68 72 55 28 33 145 233 88 64 95 170 416 509 277 73 14 9 1 14 22 21 16 13 20 13 21 17 12 17 11 18 41 43 52 28 19 31 17 12 39 35 26 23 25 37 36 22 8 14 39 58 47 31 26 20 37 46 25 22 24 20 42 81 83 49 40 62 66 55 53 71 108 193 315 207 43 240 428 283 47 21 13 21 25 59 92 73 7 17 20 2 4 14 12 26
67 70 63 52 25 48 194 200 33 64 100 228 495 460 178 39 23 24 27 29 24 19 15 13 10 6 21 17 12 25 27 18 22 23 29 25 21 48 18 16 41 34 26 33 34 29 17 10 14 41 59 45 22 12 27 44 45 29 17 12 21 37 54 80 72 25 34 57 56 55 64 91 169 289 243 48 166 373 350 136 35 15 12 20 34 31 104 71 2 15 17 3 2 7 33 50
74 68 51 55 29 83 224 143 14 67 116 313 530 364 111 34 8 3 4 8 15 14 21 20 11 0 15 15 18 13 7 29 45 51 39 11 27 46 24 20 33 39 17 17 23 20 17 22 37 56 45 20 14 26 52 52 31 14 5 14 40 67 80 77 60 32 41 48 55 79 90 129 237 244 75 77 290 373 190 66 32 11 16 11 20 27 59 54 37 30 26 13 3 7 39 55
86 67 45 59 35 132 235 77 44 63 148 385 521 289 76 32 19 19 16 8 11 10 15 15 20 18 2 13 4 23 35 27 20 12 27 43 51 37 22 29 21 41 15 11 29 31 34 32 38 40 21 11 19 45 50 29 20 17 22 40 69 82 77 55 44 28 33 45 67 100 113 193 240 113 29 198 372 250 85 53 18 10 23 15 12 11 27 39 33 28 27 16 11 11 27 45
89 69 45 54 41 177 219 28 53 67 200 437 492 240 48 15 22 8 15 7 11 7 7 4 8 18 19 1 14 22 19 12 20 27 50 51 35 24 23 27 13 33 30 14 30 16 17 20 30 30 12 21 33 41 31 22 24 20 28 56 79 72 54 42 44 37 43 62 78 97 157 238 151 28 94 324 329 126 53 42 18 14 30 25 8 21 23 24 24 29 36 25 19 20 25 21
85 73 47 42 78 213 173 7 51 94 271 476 435 187 25 15 25 19 24 32 29 16 4 2 13 34 21 2 9 32 48 48 52 54 62 45 13 13 17 17 10 16 38 29 15 12 14 14 27 31 25 44 53 42 30 22 21 24 45 69 75 58 42 42 45 39 50 72 82 129 240 213 54 41 240 377 204 53 29 22 18 11 30 37 13 14 16 25 22 31 41 20 14 17 21 18
80 75 50 37 135 211 93 31 66 141 340 493 359 130 31 25 32 8 11 5 15 17 3 2 22 27 11 11 22 37 50 49 45 44 49 32 26 28 20 7 9 22 37 25 12 12 14 22 37 46 44 44 44 33 24 20 29 35 54 62 53 39 37 40 41 51 63 73 106 225 263 114 15 154 362 290 87 38 14 13 17 5 27 41 17 14 28 36 31 32 34 16 11 15 19 15
74 75 48 46 182 176 25 27 65 174 408 482 270 84 28 36 15 39 38 37 17 11 7 5 18 27 17 35 37 36 23 17 22 28 29 17 19 23 18 16 17 27 28 23 21 17 19 44 63 59 36 15 31 24 8 21 37 35 45 46 45 41 46 45 49 72 75 87 193 285 163 17 94 288 335 141 33 36 17 12 16 13 26 39 12 15 43 32 7 19 22 10 14 18 20 19
69 73 43 71 207 136 9 18 69 220 472 436 176 59 29 34 22 30 3 18 12 10 13 28 19 11 45 29 41 34 23 9 24 31 23 14 7 9 14 23 31 33 35 39 37 34 41 66 65 31 4 4 30 24 4 26 32 32 39 39 57 57 58 58 62 74 72 158 277 219 57 61 222 340 214 50 35 41 27 13 17 23 27 32 10 19 39 28 21 26 22 5 10 18 19 24
67 79 54 114 210 92 18 24 93 269 481 377 135 49 20 31 20 30 18 3 15 23 26 22 8 15 45 34 14 14 25 4 25 29 13 1 2 23 32 38 44 46 49 47 40 46 63 70 50 26 20 15 34 21 15 41 45 48 41 43 65 59 56 55 65 76 127 270 252 89 20 186 321 247 89 23 25 42 38 17 20 34 27 21 11 20 33 26 22 27 25 7 5 14 11 24
70 91 85 162 185 45 18 35 122 308 463 346 143 56 33 34 11 18 18 12 13 9 8 8 14 35 35 16 25 30 8 30 27 17 16 2 18 44 37 30 26 24 39 41 33 42 52 38 22 8 15 15 39 23 22 45 54 49 46 63 72 63 60 57 71 111 226 288 124 12 117 319 291 86 55 44 16 36 45 18 21 45 32 13 7 18 35 38 28 26 30 18 9 12 9 14
75 94 111 183 129 10 16 51 162 359 455 312 123 29 17 4 29 30 17 16 17 17 25 40 43 30 10 8 15 23 50 51 42 37 32 28 38 37 17 13 12 19 38 29 19 34 34 11 15 21 7 28 39 17 15 38 62 50 55 70 62 59 67 76 108 198 265 166 13 76 213 327 153 14 39 55 14 27 46 24 21 49 43 18 10 5 24 34 23 27 32 22 19 17 19 28
79 89 139 198 82 22 12 68 212 400 422 249 91 34 18 22 24 14 13 17 18 19 31 28 14 11 8 20 30 39 49 26 15 20 27 26 19 20 15 11 17 29 33 27 23 26 21 12 10 18 34 42 29 20 26 42 78 69 49 50 45 56 72 94 170 261 198 37 49 142 282 235 55 13 33 49 16 21 40 30 21 43 51 31 10 15 33 21 8 38 52 29 18 9 22 26
75 86 169 200 63 38 30 90 252 421 388 207 63 24 33 23 10 7 16 10 17 19 7 21 33 27 11 34 31 22 19 14 14 15 16 7 11 21 21 15 29 37 32 32 30 18 20 26 30 33 38 31 18 25 38 58 86 66 33 35 39 68 96 157 250 222 76 34 90 233 275 110 18 12 28 45 15 20 35 26 16 31 41 25 16 24 28 15 7 45 54 28 28 27 32 29
58 89 194 189 48 42 69 116 284 441 361 171 43 4 8 8 8 17 13 8 19 23 11 20 21 30 33 50 24 2 4 8 10 19 17 14 17 22 21 25 49 41 25 33 32 28 35 35 21 15 28 23 14 32 51 65 72 48 39 43 38 96 150 231 236 97 10 58 169 266 170 16 16 15 31 46 10 26 37 23 25 33 34 19 16 22 22 21 18 42 36 34 32 33 48 49
48 99 215 164 25 38 86 154 342 448 309 126 31 3 4 2 5 12 12 4 18 16 21 11 13 19 41 57 15 2 16 24 27 30 25 22 22 27 27 36 50 27 19 33 39 38 34 19 7 8 34 30 19 43 60 55 61 53 56 61 83 144 208 236 132 12 23 96 233 215 85 8 5 12 39 47 14 20 35 30 31 26 28 26 19 9 14 23 33 36 16 7 11 17 27 30
41 115 225 129 10 39 93 210 419 427 229 92 30 8 5 4 4 5 10 9 17 10 17 3 20 19 39 51 8 4 28 17 11 24 15 28 44 50 45 37 33 28 33 28 41 25 11 11 18 27 38 36 38 60 50 46 71 67 63 72 121 111 151 216 66 18 37 162 238 132 56 17 3 13 39 46 17 12 31 43 31 18 26 36 15 2 20 48 42 27 11 5 8 13 20 24
50 149 218 87 16 58 124 258 446 378 157 80 41 26 29 24 12 8 15 13 13 5 6 25 29 17 27 40 9 11 28 4 3 22 22 33 43 37 32 32 34 40 25 19 32 26 18 22 32 38 31 38 64 69 57 66 78 78 82 107 134 60 158 308 45 37 93 211 179 59 55 37 21 21 34 46 52 44 44 45 29 26 28 29 15 14 49 54 31 21 10 11 31 46 51 52
