mpibenchmarks/sobel2D/sobel_red_initial0.txt
ncols         1146
nrows         645
xllcorner     0.0
yllcorner     0.0
cellsize      1
NODATA_value  -9999
[rows 46 to 91 of 645, columns 480 to 575 of 1146]
217 217 217 217 217 217 217 217 217 217 217 217 217 217 217 217 217 217 217 217 217 217 217 217 217 217 217 217 217 218 220 220 220 218 220 224 224 230 231 233 234 238 237 237 237 236 238 240 240 239 240 240 240 240 240 240 240 240 240 240 239 242 244 241 240 240 240 240 240 240 240 240 240 240 240 240 240 240 240 240 240 240 240 240 240 240 240 240 240 240 240 240 240 240 240 240
220 219 218 217 217 217 217 218 217 217 217 217 217 217 217 217 217 217 216 217 217 217 217 216 217 217 217 217 217 218 221 220 220 220 220 220 220 228 230 233 233 233 234 237 237 237 238 240 240 239 240 240 240 240 240 240 240 240 240 240 240 240 240 243 244 244 244 243 243 241 240 240 240 240 240 240 240 240 240 240 240 240 240 240 240 239 239 240 240 240 240 240 240 240 240 240
220 218 217 216 217 217 217 217 217 217 216 217 217 217 217 217 217 217 217 217 217 217 217 217 217 217 217 217 217 218 219 222 220 220 220 220 220 226 230 232 232 234 235 238 236 237 239 241 240 241 240 240 240 240 240 240 240 239 240 240 240 240 241 243 244 243 245 244 243 240 240 240 239 240 240 240 240 240 240 240 240 240 240 240 240 240 240 240 240 240 240 240 240 240 240 241
220 220 220 220 220 220 219 219 217 217 217 217 217 217 217 217 217 217 217 217 217 217 217 217 217 217 217 217 217 217 217 218 221 221 220 220 220 226 226 226 227 233 234 237 236 237 238 237 239 240 240 240 240 240 240 240 240 240 240 240 240 240 240 240 240 244 244 240 240 239 240 240 240 240 240 240 240 240 240 240 240 240 240 240 240 240 240 240 240 240 240 240 240 240 240 240
220 220 220 220 220 220 220 219 217 217 217 217 217 217 217 217 217 217 217 217 217 217 217 217 217 217 217 217 217 217 217 218 219 220 220 220 220 222 223 223 226 233 233 236 237 236 237 237 238 239 240 240 240 240 240 240 240 240 240 240 240 240 240 241 240 243 243 240 240 240 240 240 240 240 240 240 240 240 240 240 240 240 240 240 240 240 240 240 240 240 240 240 240 240 240 240
220 220 220 220 220 220 220 220 219 218 217 217 217 217 217 217 217 217 217 217 217 217 217 217 217 217 217 217 218 217 217 217 217 219 219 220 220 222 221 223 226 230 231 233 234 233 235 237 237 238 239 240 240 240 240 240 241 240 240 239 239 240 240 240 240 240 240 240 240 240 240 240 240 240 240 240 240 240 240 240 240 240 240 240 240 240 240 240 240 240 240 240 240 240 240 240
220 220 220 220 220 220 220 220 220 219 218 217 217 217 218 217 217 217 217 217 217 217 217 217 217 217 217 217 217 217 217 218 220 219 220 220 222 222 221 226 227 227 228 229 233 233 234 237 237 237 239 240 240 240 240 240 240 240 240 239 240 241 240 240 240 240 239 240 240 240 240 240 240 241 240 240 240 240 241 240 240 240 240 240 241 241 241 241 240 240 240 240 240 240 241 240
220 220 220 220 220 220 220 220 220 220 220 217 217 217 217 217 217 217 217 217 217 217 217 217 217 217 216 217 216 217 217 219 220 219 220 222 219 225 225 230 230 224 225 227 230 233 235 236 237 237 239 240 240 240 240 240 239 239 240 240 240 240 240 240 240 240 240 240 240 240 240 240 241 245 242 239 240 240 239 239 240 240 240 241 244 244 244 244 243 241 240 240 239 240 240 240
220 220 220 220 220 220 220 220 219 219 220 218 218 216 217 217 217 217 217 217 217 217 217 217 217 217 217 218 217 217 217 218 223 220 220 220 220 226 226 230 229 224 223 226 232 233 235 237 237 236 239 240 240 240 240 240 240 240 240 239 240 241 240 239 239 240 240 240 240 240 241 242 243 244 243 242 241 240 240 240 240 240 240 240 244 244 244 244 244 241 240 240 240 240 240 240
220 220 220 220 220 220 220 220 220 220 220 220 220 217 217 217 217 217 217 217 217 217 217 217 217 217 218 217 218 216 217 217 219 219 220 220 220 225 227 232 230 225 224 223 227 233 235 238 237 237 239 240 240 240 240 240 240 239 240 240 240 240 239 240 240 240 240 240 240 239 241 244 244 245 244 244 243 240 240 240 240 240 240 240 244 244 244 244 244 241 240 241 241 240 240 240
220 220 220 220 220 220 220 220 220 220 220 220 219 218 219 219 219 217 217 217 217 217 217 217 217 217 217 217 217 218 218 219 218 220 220 220 223 223 223 223 224 226 223 224 227 230 231 231 235 237 239 242 240 240 240 240 241 242 242 242 242 242 242 242 243 242 242 242 242 242 243 244 244 244 244 244 244 242 242 242 242 242 242 243 244 244 244 244 244 244 242 240 240 240 240 240
220 220 220 220 220 220 220 220 220 220 220 220 220 220 220 220 219 217 217 217 217 217 217 217 217 217 217 217 217 218 220 220 220 220 220 220 220 219 219 219 220 224 224 224 225 227 229 224 234 238 239 241 240 240 240 241 244 244 245 244 244 244 244 244 244 245 245 244 244 244 244 243 244 244 244 244 244 244 244 244 244 244 244 244 244 244 244 244 244 243 245 241 241 240 240 240
220 220 220 220 220 220 220 220 220 220 220 220 219 220 219 219 220 217 218 219 219 219 218 218 217 217 219 220 219 219 221 220 220 220 220 220 220 220 220 220 221 223 223 224 224 225 225 227 233 238 239 240 240 240 240 241 244 244 244 244 244 244 245 245 244 244 244 244 244 244 244 244 244 244 244 244 244 244 243 244 244 244 244 244 244 244 244 244 244 244 244 240 240 240 240 240
220 220 220 220 220 220 220 220 220 220 220 220 220 220 220 220 219 217 218 220 220 220 217 217 217 217 220 220 220 220 220 220 220 220 220 220 220 220 220 220 221 224 224 225 224 224 226 227 233 238 239 239 240 240 240 241 244 244 244 244 244 244 244 244 244 244 243 244 244 244 244 244 244 244 244 244 244 244 244 244 243 244 244 244 244 245 244 244 245 244 244 241 240 240 241 240
220 220 220 220 220 220 220 220 220 220 220 220 220 221 220 221 220 220 220 220 218 217 219 220 220 221 220 220 221 219 220 219 220 220 220 220 220 220 220 220 220 224 224 224 226 229 230 232 233 237 237 237 240 240 240 240 241 241 241 242 244 245 245 244 244 244 244 247 247 247 247 247 247 247 245 244 244 244 244 244 244 244 244 244 244 244 243 242 241 240 241 240 240 240 240 237
220 220 220 220 220 220 220 220 220 220 220 220 220 220 220 220 220 220 220 220 218 217 219 221 220 220 220 219 221 220 220 220 220 220 220 220 220 220 220 220 221 224 224 224 226 230 232 234 236 237 237 237 241 240 240 240 240 240 240 242 244 244 244 244 244 244 244 248 247 247 247 247 247 247 245 245 244 244 244 244 244 244 244 245 244 245 244 242 240 240 240 240 239 239 239 236
220 220 220 220 220 220 220 220 220 220 220 220 220 220 220 220 220 219 219 217 219 221 220 220 220 220 220 220 220 220 220 220 220 220 220 220 220 220 220 220 220 219 220 224 227 227 231 232 233 233 235 237 237 236 237 237 237 238 240 240 240 241 240 243 244 244 244 247 247 247 247 246 247 247 247 247 247 247 245 244 245 243 240 240 239 240 240 240 240 241 240 237 236 238 237 233
220 220 220 220 220 220 220 220 220 220 220 220 220 219 220 220 220 220 219 217 219 220 220 220 220 220 220 220 220 220 220 220 220 220 220 220 220 220 220 220 222 220 221 224 226 229 231 232 232 232 232 235 237 236 237 237 237 238 240 239 240 240 239 243 244 244 244 247 247 247 247 246 247 247 246 246 245 246 244 243 243 242 240 240 240 240 238 239 239 239 239 237 236 234 234 231
220 220 221 220 220 219 217 219 220 220 220 220 220 220 220 220 220 220 220 220 220 220 220 220 220 220 220 220 220 220 220 220 220 220 220 220 220 220 220 220 220 219 223 224 224 224 225 227 227 226 228 226 237 237 237 237 237 237 237 238 240 240 241 243 244 244 244 247 247 247 247 247 247 247 245 244 244 244 244 244 240 240 240 240 240 240 237 237 238 237 237 237 236 229 227 224
220 220 220 220 220 219 218 219 220 220 220 220 220 220 220 220 220 219 219 219 220 220 220 220 220 220 220 220 220 220 220 220 220 220 220 220 220 220 220 220 220 221 222 224 225 224 226 226 226 226 227 229 235 236 235 236 237 238 237 238 240 240 240 243 244 244 244 247 247 247 247 247 247 247 245 244 244 244 244 244 240 240 240 240 239 239 237 237 236 236 236 236 235 228 225 224
220 220 220 219 220 220 220 220 220 220 220 220 220 220 220 220 219 216 217 217 219 220 219 220 220 220 220 220 220 220 220 220 220 220 220 220 221 220 220 220 221 227 225 224 224 224 224 224 224 224 226 229 232 232 233 234 237 237 237 238 240 240 240 243 244 244 244 247 247 247 247 247 247 247 245 244 244 244 244 244 240 240 240 239 237 237 237 237 237 234 233 233 232 226 224 224
221 222 222 221 220 221 220 220 220 220 220 220 220 220 220 220 219 216 217 218 219 220 219 221 220 220 220 220 220 220 220 220 220 220 220 220 220 220 219 220 220 222 224 224 224 224 223 225 225 224 226 227 230 230 230 231 237 237 237 238 240 240 240 243 244 244 244 246 246 247 247 247 248 247 246 245 244 243 242 242 240 240 240 239 237 237 237 236 235 231 230 230 228 224 224 222
224 224 225 223 220 220 220 222 220 220 220 220 220 220 220 220 218 217 218 220 221 220 220 220 220 220 220 220 220 220 220 220 220 220 220 220 220 220 221 220 221 219 220 225 224 224 224 224 223 224 226 228 227 229 227 228 237 237 237 238 240 240 240 243 244 244 244 245 245 247 247 247 247 247 247 247 245 244 241 240 240 240 240 238 237 237 237 234 232 230 226 226 224 223 223 220
226 224 223 223 222 221 220 219 220 220 220 220 220 220 220 220 219 218 218 220 220 220 220 220 220 220 220 220 220 220 220 220 220 220 220 220 220 220 220 222 222 222 222 224 223 223 224 224 224 224 226 227 226 227 227 229 237 237 237 238 240 241 242 243 244 244 244 244 244 247 247 247 246 245 246 246 245 244 241 240 240 240 240 239 237 237 237 234 233 228 226 224 222 222 222 220
225 224 224 225 225 222 221 220 220 220 220 220 220 220 220 220 219 217 218 220 220 221 220 221 220 220 220 220 220 220 220 220 220 221 221 221 221 219 220 224 224 224 224 224 224 224 224 225 223 224 226 227 227 227 227 227 237 237 237 239 240 242 244 243 244 244 244 245 245 247 247 247 246 245 246 247 245 245 241 239 240 240 239 239 237 237 237 235 232 226 224 221 220 218 220 220
229 229 229 227 226 222 220 220 220 220 220 220 220 220 220 220 220 219 219 220 219 218 218 218 220 220 220 220 220 220 220 220 220 220 220 220 221 222 223 225 225 229 228 229 227 224 224 224 226 229 229 231 232 232 232 234 237 238 239 240 240 241 244 244 244 244 244 246 246 247 247 247 246 244 245 245 244 244 241 240 239 240 238 238 237 235 231 228 228 224 220 219 220 220 220 220
230 230 230 227 223 222 220 220 221 220 220 220 220 220 220 221 220 220 221 220 218 217 217 217 219 220 219 220 220 220 220 220 220 220 220 220 220 223 224 224 226 230 230 230 227 224 224 224 227 230 231 230 233 233 233 234 235 238 239 240 240 243 244 243 244 244 244 247 247 247 247 247 246 244 244 244 244 244 241 240 240 239 236 237 239 232 225 224 223 221 220 220 220 220 220 220
233 232 230 227 225 223 223 221 220 220 220 220 220 220 220 220 219 217 217 217 217 217 217 216 219 220 220 220 220 220 220 220 220 220 220 220 220 224 224 224 226 230 230 230 227 224 224 224 227 230 230 230 233 233 233 234 237 237 237 240 241 242 244 244 244 244 244 247 247 247 247 246 247 244 244 244 242 241 238 238 238 238 237 236 234 229 224 223 224 221 220 220 219 219 220 217
233 232 230 227 224 224 224 222 220 219 220 219 220 220 220 220 219 217 217 217 217 217 217 217 220 220 221 220 220 219 220 220 220 219 220 220 220 223 224 224 226 231 231 230 227 224 225 224 227 230 230 229 234 233 233 234 237 237 237 240 241 242 244 244 244 244 244 247 247 247 247 247 246 244 244 244 242 240 237 238 236 236 236 235 232 228 223 224 224 221 220 220 220 220 220 217
233 233 233 229 225 224 224 223 224 221 220 220 220 220 220 220 219 217 217 217 217 217 217 217 217 217 220 220 220 220 221 220 221 221 220 220 220 220 220 224 224 226 226 226 223 219 222 224 225 225 226 226 230 229 229 229 233 234 238 237 237 238 236 239 240 240 240 244 244 244 243 244 244 243 242 240 240 239 233 231 229 229 229 229 226 226 224 225 224 221 219 220 220 217 217 217
233 233 233 229 224 225 224 224 225 221 220 220 220 220 220 220 219 217 217 217 217 217 217 217 217 216 219 219 219 219 220 220 220 220 220 220 220 220 220 223 224 224 224 222 221 218 223 224 223 224 224 223 226 226 227 226 234 234 236 236 237 237 236 240 239 240 240 244 244 245 244 244 244 242 241 240 241 240 233 230 227 227 226 226 223 226 224 223 222 222 220 220 220 217 217 217
234 233 234 229 224 223 224 224 223 220 220 219 220 220 220 220 219 217 217 217 217 217 217 217 217 217 217 217 217 218 220 221 220 220 220 220 220 220 220 220 220 225 223 220 221 222 222 224 224 224 224 224 224 224 227 227 233 233 233 235 237 237 237 237 237 240 240 244 244 244 244 244 242 239 240 240 241 240 233 229 227 227 227 226 224 224 224 222 219 220 220 220 220 220 220 217
233 233 233 229 225 224 224 224 224 222 221 220 220 220 220 220 219 217 217 217 217 217 217 216 216 217 217 217 217 218 219 220 220 220 220 220 220 220 220 220 220 223 222 221 219 220 222 223 224 224 224 224 224 224 225 227 230 230 230 234 237 237 237 237 236 240 240 243 243 244 244 244 242 241 240 239 239 238 234 232 229 227 229 228 226 226 224 222 222 220 220 220 220 220 220 217
233 233 233 230 227 226 224 224 224 224 223 221 220 220 220 220 219 217 217 217 217 217 217 217 217 217 217 217 217 217 217 218 220 220 220 220 220 220 221 222 220 220 219 219 221 219 220 219 224 224 223 224 224 224 224 225 227 227 226 232 238 237 237 237 236 240 241 242 241 244 244 244 242 240 240 240 238 237 237 236 234 233 233 233 234 229 223 224 224 221 220 220 220 220 220 217
234 233 233 230 228 226 224 224 224 225 224 221 220 220 220 221 219 218 218 217 216 217 217 217 217 217 217 217 217 217 217 217 219 219 219 220 220 220 220 220 220 220 220 220 220 220 220 220 221 222 224 224 224 224 224 225 227 228 227 231 236 236 237 237 237 239 239 240 241 244 244 244 243 242 241 240 239 238 237 237 235 235 235 234 233 229 223 224 224 221 220 220 220 221 220 217
233 233 234 232 227 226 225 224 224 224 224 221 220 220 220 220 220 219 219 217 217 217 217 217 217 217 217 217 217 217 217 217 217 217 217 219 220 220 220 220 220 220 220 220 220 220 220 220 219 220 223 224 224 224 225 225 227 227 227 230 233 234 237 238 237 237 236 240 241 244 244 244 244 244 242 240 240 240 237 237 237 238 237 236 233 229 223 225 224 221 220 220 220 220 220 218
233 233 233 229 227 225 224 224 224 224 224 221 220 220 220 220 220 220 219 217 217 217 217 217 217 217 217 217 217 217 217 217 217 217 217 219 220 220 220 220 220 220 220 220 220 220 220 220 220 220 223 224 225 224 224 225 226 226 227 230 233 235 237 237 237 239 239 240 241 244 244 244 244 244 242 240 240 240 237 238 236 237 237 236 233 229 222 224 224 221 220 220 220 220 220 219
233 234 234 229 224 224 224 224 224 224 224 221 220 220 220 220 220 220 219 217 217 217 217 217 217 217 217 217 217 217 217 217 217 217 217 219 220 220 221 220 220 220 219 220 219 220 220 220 220 220 224 224 224 224 225 224 224 226 227 230 233 234 237 237 237 240 240 241 241 244 244 244 244 244 242 240 240 240 237 237 237 237 237 235 234 229 223 224 223 221 220 220 220 220 220 220
232 233 234 232 225 225 226 224 224 224 224 221 220 220 220 220 220 220 219 217 217 217 217 217 217 217 217 217 217 217 217 217 217 217 217 218 218 218 218 218 218 218 218 220 220 220 220 220 220 220 221 220 221 221 223 224 223 225 227 229 233 233 236 237 237 240 240 240 241 244 244 244 244 243 243 242 241 241 239 239 237 237 237 235 234 229 223 224 224 221 220 220 221 220 220 220
234 234 233 230 227 225 224 224 224 224 224 221 220 220 220 220 220 220 219 217 217 217 217 217 217 217 217 217 217 217 217 217 216 217 217 217 217 217 217 217 217 217 218 220 220 220 220 220 220 220 220 220 220 221 224 223 223 224 222 229 233 235 238 237 237 240 240 240 241 244 244 244 244 244 244 244 241 240 240 240 237 237 237 236 233 229 222 223 224 222 220 220 220 221 221 220
233 233 233 233 232 231 229 226 224 224 224 221 220 220 220 220 220 220 219 217 217 217 217 217 217 217 217 217 217 217 217 217 217 217 217 217 217 217 217 217 217 217 218 220 220 220 220 219 220 221 220 220 220 220 221 222 224 224 224 227 229 229 229 235 237 238 238 240 241 244 244 244 244 244 243 242 240 241 241 240 237 237 237 236 233 229 223 225 224 221 220 220 219 216 217 218
232 233 233 233 233 232 230 227 224 224 224 221 219 219 220 220 220 220 219 217 217 217 217 217 217 217 217 217 217 217 217 217 217 217 217 217 217 217 217 217 217 217 218 220 220 220 220 220 220 220 220 220 220 220 220 221 225 224 224 227 227 227 227 236 237 237 237 240 241 244 244 244 245 244 242 240 240 240 240 240 237 237 237 235 233 229 223 224 224 221 220 220 219 217 217 218
233 233 233 233 232 232 230 227 224 224 224 221 220 220 219 220 220 220 219 217 217 217 217 217 217 217 217 217 217 217 217 217 217 217 217 217 217 217 217 217 217 217 216 216 218 220 221 220 220 220 221 220 220 220 220 220 220 221 225 224 224 226 227 232 233 235 238 241 240 240 241 244 244 244 243 240 238 235 239 240 237 237 237 236 233 229 224 224 224 221 220 220 220 220 220 217
233 233 233 233 232 232 231 227 224 223 223 221 220 220 220 221 220 220 219 217 217 217 217 217 217 217 217 217 217 217 217 217 217 217 217 217 217 217 217 217 217 217 217 217 218 220 220 220 220 220 220 220 219 220 220 220 220 221 223 223 224 226 227 232 232 235 237 240 240 239 240 244 243 243 242 240 239 237 240 240 237 237 236 235 232 229 224 226 224 221 220 220 220 220 220 217
232 233 233 233 233 232 230 227 223 221 220 219 219 220 220 220 220 220 219 217 217 217 217 217 217 217 217 217 217 217 217 217 217 217 217 217 217 217 217 217 217 217 217 217 217 218 218 217 219 221 220 220 220 220 220 220 220 220 219 222 224 226 227 232 233 236 237 237 236 237 238 240 240 240 238 237 237 237 238 237 237 236 231 230 227 226 223 224 224 221 220 220 220 220 220 217
233 233 234 233 232 231 230 226 224 222 221 220 220 220 220 219 220 220 219 217 217 217 217 217 217 217 217 217 217 217 217 217 217 217 217 217 217 217 217 217 217 217 217 217 217 217 217 217 218 219 219 219 220 220 220 220 220 220 221 222 223 226 227 232 233 236 237 237 237 238 239 239 239 239 238 237 237 237 237 237 237 236 230 229 225 225 223 224 224 221 220 220 220 220 220 217
