mpibenchmarks/sobel2D/sobel_red_initial0.txt
ncols         1146
nrows         645
xllcorner     0.0
yllcorner     0.0
cellsize      1
NODATA_value  -9999
[rows 368 to 413 of 645, columns 960 to 1055 of 1146]
18 25 22 15 19 20 23 20 15 20 19 18 22 13 32 35 37 48 16 83 15 21 29 31 35 51 28 17 37 64 5 9 25 43 41 41 34 19 31 32 32 28 31 29 42 52 35 37 28 18 14 8 14 19 25 25 34 33 29 30 25 29 25 15 14 20 24 14 14 28 28 24 23 20 23 34 34 24 30 39 35 28 32 35 37 29 28 30 32 23 27 24 21 29 30 36
20 19 29 30 22 17 30 24 32 21 30 15 30 23 22 28 33 36 17 65 64 27 24 12 50 25 100 60 34 95 14 30 28 24 19 29 32 30 29 33 35 31 36 34 30 35 26 16 9 8 10 18 38 41 37 37 36 29 28 28 25 25 28 32 20 20 26 33 26 27 30 38 26 24 27 35 30 28 21 32 42 36 33 37 30 26 37 32 23 33 33 31 31 28 36 33
21 20 22 29 38 41 29 31 24 14 11 20 26 39 20 32 29 20 38 17 76 22 26 39 75 82 249 145 29 67 19 28 22 22 25 26 26 32 32 43 36 25 24 24 23 22 15 14 24 24 28 34 38 42 37 36 27 20 12 20 20 17 24 32 36 33 24 32 43 20 27 32 31 27 23 28 29 32 31 33 36 27 30 30 39 36 44 41 31 34 33 31 30 32 26 43
17 26 27 21 7 11 8 27 23 37 28 36 33 24 9 20 29 30 46 25 59 70 23 47 38 105 187 233 113 81 18 26 23 17 15 21 33 29 34 37 40 24 15 19 18 16 26 26 35 34 27 27 37 38 41 29 20 14 12 12 19 24 19 24 30 40 42 21 32 37 24 32 34 26 26 24 27 30 35 28 24 37 38 27 38 39 34 36 35 31 32 33 28 37 43 47
12 19 13 18 27 41 46 38 34 19 19 22 26 32 39 21 31 35 40 44 18 83 22 30 14 4 58 53 63 112 42 25 26 18 26 28 29 40 33 28 25 15 16 21 25 32 38 41 36 34 28 28 19 21 23 17 26 28 21 24 17 22 25 30 25 32 33 24 24 34 23 25 34 32 29 27 32 34 37 35 26 34 32 24 35 31 28 30 30 30 35 35 37 34 35 42
27 34 40 38 25 27 22 16 22 28 31 35 34 35 35 10 17 25 34 32 22 55 61 19 18 13 24 2 42 93 15 27 25 18 16 27 29 35 28 11 13 27 32 39 48 43 33 42 37 25 24 22 13 19 28 24 21 29 29 26 21 25 25 23 24 26 24 31 29 23 21 19 28 41 30 34 31 31 25 38 33 25 28 17 19 36 44 41 46 30 33 32 41 40 19 38
31 23 25 20 17 22 25 24 27 32 30 24 17 18 22 22 8 25 27 33 40 22 74 47 14 31 30 23 21 116 33 13 20 23 19 21 18 12 15 17 27 39 33 29 28 36 30 48 34 23 14 17 27 32 27 36 27 16 29 36 18 22 17 23 22 25 24 32 30 26 35 26 22 32 33 32 27 25 25 34 34 22 32 35 34 40 40 37 40 28 32 27 29 42 30 29
18 19 25 26 25 20 21 23 22 25 25 21 22 25 31 28 27 14 16 30 48 34 18 55 33 8 16 17 6 72 48 22 24 13 7 15 18 18 26 24 24 35 27 26 20 23 22 25 23 33 37 31 35 34 32 28 31 24 28 38 31 26 23 19 28 22 21 27 29 27 28 31 29 24 25 28 38 31 31 30 31 27 33 33 33 26 39 33 30 40 46 36 25 37 35 26
26 23 19 17 21 20 20 21 23 22 29 28 27 26 30 26 24 11 3 8 18 25 12 10 44 71 39 21 14 83 83 15 10 12 19 24 34 30 29 21 13 12 21 21 17 19 16 28 36 26 36 42 28 21 26 24 25 33 29 27 31 27 19 20 34 26 24 29 28 42 28 25 28 28 28 35 38 33 26 27 33 27 37 32 31 24 38 40 26 33 35 36 35 35 37 33
22 15 20 21 22 27 25 20 23 19 24 27 27 22 22 21 11 21 16 7 7 18 10 16 11 48 35 33 21 81 65 9 25 35 34 42 34 23 14 9 5 8 10 16 16 20 34 29 32 27 31 36 32 28 14 30 35 24 18 23 36 28 21 25 24 26 26 28 28 26 26 26 48 40 20 28 32 35 31 28 21 29 36 31 30 29 28 34 31 34 36 34 36 37 36 37
17 13 20 25 19 20 21 24 23 19 18 23 25 19 18 18 16 14 23 29 12 15 17 16 17 11 32 47 9 75 149 38 28 19 14 12 3 9 9 17 23 28 20 15 26 29 33 31 20 25 25 27 32 28 27 22 26 22 28 27 20 20 22 31 27 20 34 25 22 33 25 28 31 31 29 26 30 26 34 26 18 32 30 30 32 27 21 38 38 26 28 26 27 30 33 25
17 12 15 19 19 19 24 32 23 22 17 16 17 19 19 19 20 21 23 29 28 17 13 17 17 19 14 31 13 50 106 14 2 8 5 9 22 19 18 21 24 33 37 32 31 32 24 23 23 24 29 23 27 35 36 23 23 19 19 32 23 23 22 23 21 20 24 22 26 31 28 27 25 36 24 21 21 22 26 22 22 25 19 21 19 20 19 24 20 14 13 10 11 15 16 15
16 28 19 18 23 21 22 20 18 21 18 18 18 18 20 22 24 24 23 24 25 15 14 22 24 44 25 40 18 15 97 96 8 19 21 20 25 19 20 20 21 16 20 31 24 19 18 21 26 27 28 21 22 28 19 18 20 18 16 18 17 24 23 18 17 18 18 21 22 23 20 19 21 16 18 16 17 15 19 18 14 13 7 13 10 8 11 11 13 17 15 18 20 24 20 22
24 25 12 17 16 16 16 17 18 19 19 26 27 25 25 23 23 23 21 20 20 17 32 21 24 33 14 27 31 8 38 116 26 4 12 12 11 14 13 12 12 9 10 14 14 12 12 10 12 13 14 16 12 15 13 14 10 13 12 13 13 14 17 14 13 14 12 14 13 14 15 18 17 19 16 19 13 13 15 15 18 21 27 21 29 37 31 26 39 32 31 42 44 47 45 34
19 16 16 12 12 11 20 21 23 27 21 22 23 22 23 23 24 27 25 23 23 23 31 23 17 23 23 28 31 18 11 88 113 15 10 8 10 9 13 11 12 12 12 14 15 16 14 13 18 15 15 16 14 17 15 15 16 15 20 22 23 24 21 20 18 21 25 25 24 29 28 31 31 26 32 40 28 29 30 44 47 37 38 33 38 44 35 33 47 37 42 36 46 38 29 32
21 18 13 20 17 19 25 22 23 27 19 18 19 22 24 30 28 33 27 22 23 23 31 38 36 34 30 17 25 27 8 45 131 33 7 17 16 17 17 18 20 18 19 25 25 29 31 25 32 27 28 34 21 21 20 24 28 30 21 31 27 28 33 27 26 29 31 32 33 30 33 29 30 30 37 44 44 43 38 48 38 36 29 29 36 39 31 28 24 21 30 22 17 23 17 10
20 12 13 18 15 13 20 23 17 20 19 14 13 21 24 23 25 25 18 19 18 25 24 21 27 26 22 19 15 26 21 9 80 107 26 8 22 34 32 42 30 23 19 31 42 34 39 34 36 32 29 33 33 33 32 30 30 39 43 31 31 37 45 34 36 35 32 27 30 48 31 42 37 29 34 40 39 30 28 35 39 35 21 26 24 20 16 12 10 10 8 11 8 11 11 10
25 20 18 11 18 16 20 20 15 21 19 20 23 16 27 22 25 23 19 20 19 23 27 23 25 30 24 23 15 8 23 14 4 48 90 69 11 17 24 24 39 35 24 28 49 34 34 32 30 35 34 36 35 33 40 38 54 45 45 36 42 40 48 43 35 34 34 30 24 44 29 31 32 19 27 25 24 23 19 15 12 16 12 11 12 9 4 4 4 3 4 0 8 14 14 14
35 32 32 15 17 20 19 18 15 23 24 20 29 19 18 18 22 24 20 23 23 23 26 25 28 31 27 28 25 10 19 22 17 4 18 71 96 70 30 7 8 11 20 25 35 31 28 32 33 29 41 29 26 25 29 30 30 37 31 22 31 31 27 19 20 21 20 17 9 14 17 16 15 14 19 13 15 11 9 7 4 5 11 10 15 10 10 26 15 15 16 23 21 16 25 24
44 47 45 23 23 26 21 23 23 23 19 18 19 20 20 21 23 22 22 28 25 21 24 29 32 27 26 28 27 25 17 16 17 14 11 1 14 68 107 91 61 33 10 7 2 4 17 19 18 18 28 28 28 24 18 14 21 26 28 21 18 17 17 16 17 15 11 9 6 11 18 18 18 16 17 9 3 11 9 10 9 11 17 25 25 26 20 28 27 19 14 27 32 15 19 29
35 36 41 18 28 39 30 21 19 22 16 18 17 19 17 25 23 23 20 21 21 24 24 32 27 22 18 16 36 35 30 15 16 23 23 22 12 2 12 41 68 84 77 75 74 59 41 22 11 14 14 8 11 14 13 9 10 12 13 24 23 14 13 16 21 15 13 8 10 8 6 13 14 15 9 16 17 16 18 19 24 27 16 21 25 24 21 30 31 27 36 33 40 53 33 39
33 35 31 22 25 37 25 16 16 18 20 19 19 17 21 25 20 20 24 20 19 23 18 23 22 18 16 15 20 22 25 35 31 18 13 22 14 16 9 2 4 3 10 29 46 63 81 78 78 78 63 66 53 29 37 49 38 18 18 18 15 11 16 16 12 14 15 13 12 17 17 11 11 23 25 28 27 41 24 23 53 61 43 60 65 43 65 80 44 35 45 48 37 33 29 22
21 17 14 21 15 22 23 21 18 19 19 19 19 21 22 16 19 19 22 19 14 17 19 19 22 15 16 17 9 24 35 27 34 44 19 15 16 17 17 21 19 14 10 10 5 0 1 0 12 22 26 42 63 52 61 69 74 66 60 69 78 53 45 68 82 71 75 53 57 69 70 56 51 34 40 46 48 68 45 30 50 50 38 47 47 29 24 20 27 17 14 12 15 34 33 33
19 15 14 14 21 25 23 21 16 19 20 19 20 18 23 22 25 22 17 16 10 13 13 14 32 21 19 14 12 18 34 14 20 24 33 28 23 9 13 14 10 16 23 21 22 18 16 14 16 9 5 11 11 17 10 7 3 15 22 11 52 61 28 25 42 27 38 62 44 34 24 20 29 23 20 27 22 17 24 17 17 8 22 30 39 27 32 35 38 30 39 31 40 40 30 40
22 26 16 22 12 19 24 18 15 14 14 18 20 19 18 26 27 21 21 20 13 17 14 17 19 29 25 16 17 15 18 19 19 21 29 28 27 34 21 23 16 12 20 25 31 25 23 20 21 24 19 32 31 21 31 29 36 20 23 27 24 13 23 22 10 20 27 18 21 16 22 23 29 19 25 29 24 29 19 18 33 41 42 57 41 48 43 49 44 29 35 38 35 33 33 42
22 28 27 33 27 19 24 16 15 20 19 20 20 18 19 23 25 21 26 23 19 18 20 22 15 19 18 12 16 17 12 12 14 13 13 14 15 27 22 27 20 15 14 14 15 21 19 31 25 29 29 25 33 30 34 32 35 32 19 40 35 30 36 43 39 43 41 45 36 36 38 40 44 52 37 40 38 46 29 40 38 36 54 53 50 43 34 22 35 48 41 37 41 34 33 36
22 32 32 29 36 14 23 18 16 17 16 20 20 13 15 23 20 25 25 20 19 19 17 16 16 14 24 27 14 16 16 15 12 14 10 15 15 17 20 10 13 13 15 16 14 11 14 10 12 11 16 10 16 22 29 27 20 26 23 18 34 40 30 36 42 36 35 40 56 47 36 51 37 41 34 39 46 52 40 39 37 34 35 34 37 40 30 33 14 16 16 11 13 8 13 11
23 22 32 23 36 23 23 26 20 20 22 20 21 16 19 25 16 18 18 12 19 19 15 17 20 15 24 41 27 19 12 18 19 13 16 13 18 15 14 18 10 11 14 15 24 14 18 20 15 18 14 9 11 11 17 17 11 21 20 14 18 19 17 18 22 10 20 15 34 30 8 9 13 12 25 21 5 10 20 8 10 9 2 6 16 16 11 21 14 8 14 29 17 14 33 45
24 19 29 30 40 26 20 28 22 20 23 22 21 20 19 15 16 19 19 17 15 20 19 15 18 24 14 17 19 22 20 12 19 18 24 22 25 13 21 28 16 19 19 20 26 21 23 18 17 25 27 27 36 28 46 40 38 36 24 23 22 16 13 21 27 20 25 21 5 18 15 7 26 21 13 25 20 19 24 21 13 29 29 23 39 49 36 40 40 47 38 41 33 41 40 43
35 21 27 23 35 46 17 28 19 20 18 20 20 15 17 18 20 19 21 18 17 19 28 18 12 12 15 14 16 24 22 25 24 29 36 40 23 15 22 35 36 27 24 19 27 39 25 27 27 22 22 33 38 21 37 32 27 38 24 15 25 33 21 24 31 34 32 37 30 37 40 31 31 41 33 47 34 30 37 39 25 26 22 24 29 28 43 35 34 53 39 38 31 28 29 27
36 20 15 15 22 30 16 28 20 19 19 19 19 15 16 19 19 19 19 20 21 18 19 25 15 11 14 17 19 21 21 28 29 21 30 32 26 19 21 29 37 30 24 24 25 29 21 29 20 28 27 24 25 19 20 17 20 20 12 21 18 28 27 23 26 27 26 27 37 40 26 27 29 29 31 22 39 30 22 29 33 36 23 26 36 28 34 41 38 28 40 42 38 28 30 37
35 20 11 15 17 19 15 21 19 17 21 18 18 19 18 19 17 19 19 19 19 18 15 19 26 20 17 19 19 21 23 24 29 28 32 32 25 28 26 33 53 42 30 26 24 18 23 27 14 13 16 12 20 19 24 16 17 23 24 38 37 27 35 21 25 26 27 30 27 31 38 32 36 28 34 38 34 36 33 32 32 39 35 32 31 31 34 44 41 32 40 51 40 36 31 36
25 31 13 16 20 24 27 15 16 19 19 20 19 24 23 16 19 21 20 18 18 17 18 21 20 23 27 20 26 30 24 23 29 34 22 33 37 31 23 24 34 35 26 18 12 16 16 18 17 15 12 19 9 21 23 30 29 27 31 26 42 33 19 21 24 24 28 29 27 29 41 32 32 29 23 49 37 33 33 30 31 35 35 33 31 25 30 26 28 29 31 39 35 29 33 39
27 31 25 17 23 20 38 30 14 20 18 25 24 20 27 22 22 21 20 19 18 18 22 24 24 25 28 27 27 33 26 23 17 23 21 21 28 27 23 20 27 19 25 22 10 18 16 15 24 25 24 39 23 32 32 26 24 30 21 18 24 22 26 28 28 27 35 31 25 28 27 30 30 30 26 35 38 49 43 33 39 39 30 28 42 31 24 27 26 20 35 36 40 35 37 34
27 33 36 22 25 24 37 39 16 23 18 22 21 19 24 27 26 21 23 20 22 26 22 22 22 22 25 31 21 30 24 24 21 19 28 20 22 25 22 25 18 20 25 22 21 15 21 22 15 27 28 29 28 28 31 20 25 24 20 23 30 29 33 25 25 29 33 31 27 30 30 28 24 29 34 26 38 41 39 35 31 33 24 18 26 33 23 20 43 37 27 33 32 39 44 40
44 20 27 19 21 24 28 36 20 28 24 22 23 18 19 26 29 28 21 24 21 20 19 17 22 24 24 26 18 18 24 21 18 22 24 24 18 24 27 20 21 12 15 17 19 24 21 26 25 21 27 29 27 27 28 24 22 24 28 23 26 30 23 24 26 29 30 29 33 28 29 25 25 23 32 34 35 38 31 32 30 30 31 30 26 33 26 24 25 36 34 45 33 41 36 36
48 25 22 25 22 22 21 38 27 18 39 20 25 23 24 25 23 36 19 23 27 22 21 20 21 20 26 23 19 19 17 26 21 19 18 21 24 21 20 22 23 20 20 27 36 32 22 20 26 24 26 29 28 28 26 23 23 24 23 22 23 33 32 31 33 30 24 23 25 26 28 27 37 30 22 33 26 36 35 37 30 28 32 38 34 33 32 29 23 33 42 46 36 44 45 36
45 40 21 27 29 22 24 31 31 16 32 25 20 28 26 21 22 24 27 20 21 23 20 19 20 19 21 19 19 20 25 26 25 22 24 24 23 26 25 31 42 22 27 32 47 34 29 21 24 29 24 20 26 26 24 23 21 24 23 20 23 22 30 31 28 29 34 29 23 24 31 36 29 38 28 21 25 31 41 29 35 30 30 33 38 39 34 23 31 34 29 40 38 34 49 44
49 54 27 28 23 20 18 17 25 16 17 23 17 27 26 20 21 23 27 20 19 25 17 17 21 19 22 21 26 20 21 16 14 14 14 24 21 21 31 29 33 26 21 27 37 38 34 27 22 24 19 25 27 27 28 23 26 25 25 22 22 28 33 31 25 29 29 32 25 23 32 40 26 26 42 37 29 31 37 33 31 23 30 39 29 32 35 29 22 23 23 33 30 38 33 53
46 52 33 24 29 14 15 13 18 23 21 18 19 19 21 20 30 31 21 22 21 34 25 18 19 18 23 23 27 20 15 22 20 24 19 27 21 16 25 30 33 35 40 25 26 29 22 36 28 22 21 22 25 25 25 28 25 25 26 27 23 20 28 27 29 30 29 30 31 24 26 30 27 23 31 27 29 29 30 48 38 21 32 27 30 30 24 23 17 21 20 29 31 27 36 36
35 43 40 18 45 21 15 12 12 22 18 27 21 18 20 23 31 30 20 28 31 28 32 30 24 25 22 25 35 25 18 20 24 23 19 22 23 26 24 23 31 26 32 25 23 27 27 27 26 23 26 20 25 25 30 29 26 27 29 36 23 25 27 30 29 31 36 22 27 28 25 24 26 36 24 24 33 30 29 29 43 25 20 22 28 22 28 31 25 21 21 25 34 22 31 42
32 47 51 19 19 28 25 16 13 28 33 24 28 24 23 22 30 25 22 26 27 29 29 33 25 24 24 22 27 29 19 21 25 20 17 23 25 25 23 38 31 29 26 26 25 26 31 24 25 31 27 17 22 23 31 31 26 24 27 26 26 30 25 29 30 25 30 30 23 24 26 21 24 36 28 25 34 39 24 35 37 27 21 29 27 21 28 27 24 26 22 23 30 26 21 26
35 27 33 32 13 23 25 23 16 27 31 9 13 25 22 20 26 26 30 18 15 28 21 27 20 20 19 7 21 28 21 26 23 28 21 19 17 25 28 23 21 26 22 33 35 24 29 30 31 34 32 26 22 23 22 27 21 22 19 27 25 21 14 23 32 31 25 26 36 21 18 24 21 31 35 18 28 19 23 22 31 37 22 16 22 28 32 28 20 23 21 23 30 36 22 29
33 36 38 44 19 14 19 25 23 26 45 21 18 25 21 24 27 23 28 20 10 26 27 16 20 22 16 17 19 21 26 19 25 33 19 21 21 25 26 22 23 22 25 28 26 24 27 36 34 33 29 33 28 29 20 19 21 30 28 26 27 22 16 19 24 33 27 21 35 25 12 23 22 17 21 23 20 24 31 27 21 24 27 19 22 24 17 18 24 30 18 21 27 30 30 26
24 36 48 60 32 14 14 34 28 15 38 24 13 25 17 27 25 17 21 31 17 24 26 23 23 23 23 22 23 29 23 17 26 34 27 23 22 21 23 22 17 27 26 33 32 26 29 31 36 24 21 19 26 30 31 30 36 28 40 26 26 31 26 26 27 24 22 28 35 35 32 24 24 21 23 23 18 15 20 27 20 28 19 22 31 33 27 33 30 29 25 22 23 30 36 27
14 34 32 49 31 21 13 15 31 19 24 30 17 32 23 29 17 20 21 23 28 24 21 22 23 21 22 24 20 23 23 27 25 25 19 18 20 23 21 20 19 20 19 24 29 21 23 23 30 33 24 22 27 26 21 19 32 28 24 24 24 28 29 25 17 19 25 19 19 23 28 18 26 33 25 25 23 21 24 33 26 32 22 25 29 32 27 21 29 33 22 21 24 21 29 29
