mpibenchmarks/sobel2D/sobel_red_initial0.txt
ncols         1146
nrows         645
xllcorner     0.0
yllcorner     0.0
cellsize      1
NODATA_value  -9999
[rows 598 to 643 of 645, columns 480 to 575 of 1146]
115 114 112 112 108 107 105 105 105 101 99 85 73 59 54 54 51 48 46 52 57 49 51 53 63 60 58 55 44 45 52 52 53 64 43 44 57 53 57 56 57 54 55 46 51 58 61 64 56 50 60 53 47 52 63 62 59 61 68 52 48 52 55 55 53 54 47 61 62 59 59 49 53 53 45 52 61 52 50 53 52 53 54 57 56 55 52 57 46 56 57 56 58 49 47 68
113 113 111 112 107 106 106 107 105 102 96 87 73 55 57 54 57 52 56 44 50 57 53 48 69 56 53 65 69 60 55 53 52 48 57 60 57 53 56 59 49 44 53 47 50 49 47 54 54 49 59 59 48 52 62 54 53 49 59 55 52 52 54 46 46 54 48 53 50 51 54 51 58 54 50 51 58 51 59 47 64 55 55 53 58 62 48 59 52 51 56 59 49 56 57 68
108 107 105 105 105 108 108 106 105 102 95 86 74 56 71 66 61 55 54 58 53 64 51 53 53 49 43 45 59 64 54 65 57 71 47 54 59 53 56 59 57 54 52 54 56 51 69 54 45 47 57 49 47 47 47 51 48 55 56 44 53 52 58 48 50 63 51 60 54 47 55 49 52 67 58 58 54 60 60 51 49 51 52 56 53 54 59 63 52 49 47 50 52 55 63 81
108 107 106 106 104 106 109 106 105 102 95 87 75 53 70 75 72 76 72 63 58 48 52 50 66 57 49 50 56 56 61 58 54 59 53 53 58 57 54 61 51 59 58 65 64 50 59 52 51 56 57 45 55 63 52 55 46 52 57 57 57 45 61 54 54 58 55 62 55 57 53 55 54 54 50 60 57 57 51 54 52 56 58 62 62 58 64 60 49 56 55 56 50 53 61 80
108 108 107 105 106 106 107 108 106 101 95 89 77 53 71 74 71 71 73 75 73 65 68 59 53 50 51 54 60 62 60 58 53 51 59 57 52 57 57 53 47 66 53 64 59 64 67 51 51 57 60 59 52 48 62 55 46 58 50 54 59 54 62 49 62 58 59 60 49 56 55 57 63 52 52 48 50 54 54 48 63 51 55 56 44 54 58 53 48 68 59 47 56 60 62 81
108 108 106 105 105 106 108 106 107 103 95 89 77 56 63 76 75 74 71 67 68 69 71 75 70 68 56 52 53 57 47 54 53 54 63 57 66 56 51 51 51 58 55 47 56 59 57 55 56 52 55 55 55 55 58 60 48 48 48 48 56 44 44 61 56 49 52 58 63 48 51 51 54 51 54 64 57 53 59 50 58 52 56 58 54 53 55 57 56 53 55 51 46 52 68 85
108 106 105 104 105 106 109 106 105 102 96 89 78 60 32 36 48 55 71 70 76 72 71 72 70 73 77 76 67 62 55 57 46 46 49 58 58 57 61 54 54 57 60 59 53 57 54 55 60 67 56 61 55 57 60 55 61 56 50 53 58 48 56 45 46 51 65 54 55 54 58 49 51 53 51 52 50 50 51 55 56 54 54 55 57 53 60 49 57 59 67 67 52 61 74 89
109 107 104 106 105 105 106 106 106 101 95 90 76 63 47 38 37 29 39 49 59 68 73 74 73 62 56 57 64 75 73 75 62 59 56 42 44 47 49 52 52 58 55 71 56 51 59 61 54 64 55 52 63 54 53 51 47 53 56 54 48 59 56 46 55 49 50 46 50 62 52 54 58 55 52 50 56 56 52 61 48 52 54 47 54 52 51 56 49 53 55 52 58 57 71 86
110 108 105 105 104 104 105 105 105 102 94 89 74 64 41 13 25 59 53 46 37 42 43 53 71 72 76 68 66 59 65 71 70 72 77 74 66 67 46 45 55 53 55 57 61 50 56 51 58 52 64 52 51 52 56 52 67 60 49 55 57 55 54 57 57 49 51 49 56 50 54 54 49 48 46 49 55 56 49 53 54 53 47 54 53 50 51 54 51 53 56 53 52 57 78 90
105 105 105 107 108 108 107 106 105 102 95 91 79 70 38 18 39 58 38 14 29 44 47 42 41 45 48 59 65 71 68 73 66 63 67 66 71 77 79 79 74 57 51 43 50 50 68 57 59 56 56 51 51 55 63 60 69 53 52 57 54 54 59 59 61 46 50 47 60 54 49 54 53 50 50 50 43 51 56 53 59 54 59 49 47 48 51 59 50 55 51 51 50 64 81 89
104 106 104 105 105 106 107 106 105 101 95 93 83 72 58 60 38 41 38 32 20 50 67 28 36 42 44 41 38 45 55 55 69 75 79 74 67 65 64 71 71 71 70 73 71 60 51 41 65 50 55 62 55 51 55 65 55 54 58 56 53 49 59 60 50 56 51 54 46 61 55 55 55 48 44 49 60 59 47 59 63 55 46 52 63 50 53 57 46 53 49 50 50 60 80 94
101 101 100 105 107 106 111 106 107 100 98 94 82 75 50 2 0 4 41 77 70 46 11 4 6 38 71 41 32 47 41 33 40 44 61 68 75 75 73 72 67 70 69 71 73 75 75 73 73 57 50 52 66 59 58 51 54 52 47 54 58 55 57 53 52 61 60 52 55 55 58 56 60 55 60 52 63 59 53 48 46 57 54 48 46 54 48 54 59 53 50 55 54 68 81 96
101 101 101 103 108 108 108 106 105 100 98 94 82 76 48 3 44 74 41 14 20 25 55 71 69 55 52 27 7 13 67 65 33 45 42 33 41 45 58 72 75 69 79 74 69 70 67 67 69 74 78 69 61 56 55 46 55 52 54 55 51 59 51 57 58 55 55 49 48 66 59 54 47 52 52 51 55 41 53 55 50 53 50 59 52 55 54 47 50 50 51 43 56 69 83 96
105 105 104 108 115 113 115 111 105 102 101 97 87 74 55 56 44 19 4 2 14 44 55 35 24 3 10 57 79 59 40 13 0 4 41 68 41 42 45 31 31 55 57 69 75 71 75 69 72 71 66 69 71 74 68 71 59 67 45 44 52 49 53 60 60 62 55 50 55 57 55 49 59 79 47 54 56 53 47 52 49 53 51 53 51 52 47 58 49 45 53 51 49 80 88 100
107 105 103 109 117 115 116 110 106 104 99 97 88 74 54 40 37 42 47 44 45 46 23 2 0 22 47 43 38 41 36 46 44 48 57 55 13 7 24 71 56 39 49 42 26 46 52 58 66 71 73 71 70 65 72 74 74 73 71 72 59 61 54 55 65 69 55 50 53 61 51 58 50 56 46 51 54 56 52 57 53 49 51 49 55 48 57 59 46 43 45 53 53 81 89 97
110 107 102 109 115 116 119 113 108 100 96 97 86 74 57 1 17 62 61 73 39 7 6 16 42 53 49 13 1 0 19 62 68 46 25 32 49 50 41 49 30 10 18 50 61 46 30 51 57 48 51 61 69 74 65 69 72 66 68 75 75 61 57 60 55 47 46 48 47 51 41 56 36 52 58 49 54 52 54 58 52 52 52 56 49 50 55 51 47 53 50 41 55 82 89 96
110 111 108 112 115 117 119 113 108 104 98 97 87 73 54 47 84 40 4 10 29 68 64 62 67 48 20 14 16 47 75 41 9 3 0 16 61 69 63 45 23 13 25 46 54 18 22 37 57 41 40 44 37 44 50 59 65 71 66 60 59 60 79 77 76 65 65 63 57 51 53 38 36 51 52 51 59 51 50 54 49 51 57 52 48 55 48 47 65 53 54 56 56 82 90 99
114 114 114 115 115 117 119 113 106 106 99 97 87 74 53 54 45 25 21 22 51 80 29 6 4 10 57 77 77 42 7 3 1 10 50 88 39 7 6 13 68 84 63 38 51 38 23 28 59 46 24 35 47 43 50 39 50 43 44 58 73 65 68 64 60 65 65 70 68 75 78 59 48 47 47 45 44 52 67 52 56 48 52 51 55 45 44 49 51 49 57 57 69 81 89 98
117 115 117 116 117 118 119 112 106 104 99 97 87 74 57 66 70 70 66 57 54 40 12 19 27 56 48 28 31 41 33 34 50 74 53 16 2 0 19 62 65 22 9 4 0 52 79 67 37 9 2 4 48 64 30 37 34 43 52 39 50 49 52 63 58 67 64 67 67 68 70 71 77 69 63 60 58 51 41 48 50 61 63 53 62 55 55 53 50 55 62 57 65 82 93 96
114 116 119 120 118 119 121 113 103 101 100 97 86 74 60 63 63 58 72 74 72 70 65 65 63 42 44 56 31 46 45 61 42 37 36 48 60 53 48 36 22 4 2 22 63 54 20 27 35 55 70 70 59 50 11 2 16 73 56 28 42 53 43 47 46 56 58 65 65 54 61 63 62 62 70 79 74 78 68 62 48 49 43 39 57 49 53 61 60 52 52 57 65 84 94 95
119 119 119 118 115 114 113 110 107 104 100 98 89 76 56 64 65 67 70 64 70 69 69 68 72 67 55 49 53 46 57 33 2 2 4 44 61 51 53 16 10 14 40 52 39 15 2 2 14 58 54 35 20 17 28 77 58 45 15 2 0 32 65 39 35 51 60 40 50 53 58 72 75 69 74 68 68 74 70 66 67 63 63 54 60 50 38 49 58 57 52 56 67 85 93 100
122 121 119 117 112 112 107 110 108 106 99 100 90 76 57 57 66 65 65 72 68 70 69 70 67 68 73 72 72 65 61 59 55 48 54 71 18 3 11 40 68 59 61 55 39 24 16 34 66 63 16 2 0 14 56 56 36 49 35 29 35 54 56 17 8 16 52 46 38 45 36 34 51 57 65 65 67 65 68 62 62 63 65 68 63 64 67 56 51 52 55 56 68 84 93 101
122 122 119 116 109 109 109 109 108 106 101 99 90 78 62 42 55 62 62 75 73 69 72 64 71 77 67 66 64 69 71 73 73 67 52 50 35 25 32 48 50 14 5 5 17 75 71 65 20 2 2 4 35 75 53 9 10 3 33 79 67 37 45 42 29 24 63 55 20 31 45 46 24 35 34 32 36 55 69 65 67 71 59 59 64 66 64 67 63 68 61 55 70 84 93 102
122 121 119 116 108 107 108 108 108 107 99 99 90 78 63 52 44 43 52 61 66 66 73 78 77 69 71 69 69 69 68 69 72 70 74 82 70 65 56 41 34 15 19 27 55 48 23 48 28 30 37 52 56 24 4 2 3 40 69 32 14 10 0 16 83 71 45 11 3 0 24 67 54 33 37 24 26 26 40 42 47 56 65 67 67 63 63 61 61 66 70 54 70 86 92 101
122 121 119 116 108 108 108 108 107 103 101 95 86 82 67 47 45 55 65 52 50 42 55 56 55 68 70 72 78 67 75 73 72 71 70 69 73 72 73 79 67 55 55 46 47 46 2 1 14 61 59 34 37 47 39 32 44 56 42 15 7 2 28 60 44 31 43 39 51 58 62 53 34 3 2 40 74 40 34 44 29 21 50 57 46 57 66 65 61 68 68 58 76 85 93 102
122 121 119 114 108 110 108 108 108 103 101 94 87 84 71 39 45 49 54 40 54 61 59 54 45 40 42 61 74 75 79 77 71 71 72 73 72 68 64 71 73 76 74 58 55 39 36 38 50 50 18 4 1 0 45 67 60 29 2 1 3 29 65 60 14 4 0 14 63 62 41 28 37 49 48 43 38 17 10 16 42 46 31 28 26 30 38 46 55 65 70 57 76 86 95 92
122 120 119 117 112 110 108 108 109 108 99 96 90 86 71 51 52 35 49 59 48 63 76 59 40 52 47 55 33 46 60 66 73 67 74 75 77 72 71 72 71 71 71 73 75 75 83 72 46 41 28 21 26 53 56 21 24 38 47 43 56 74 41 12 4 0 28 76 50 14 9 2 0 60 69 60 39 17 8 25 61 43 18 18 24 39 31 32 33 28 46 62 75 86 93 100
121 120 118 115 112 110 109 108 109 109 100 98 90 86 76 42 63 47 49 54 62 49 48 72 58 42 51 50 64 60 53 46 53 54 62 69 74 74 72 73 71 71 73 73 69 65 68 71 84 77 66 57 47 38 37 13 2 0 48 62 35 27 36 40 50 57 55 28 16 6 2 18 74 54 18 20 27 50 70 67 47 44 27 12 29 67 54 28 37 43 44 61 74 86 94 101
114 114 112 111 107 108 108 108 108 109 105 95 90 86 74 64 64 59 56 51 43 48 50 43 42 52 57 56 58 57 49 53 51 54 44 58 61 66 67 65 81 80 74 71 71 69 64 64 65 74 78 79 71 65 66 59 48 48 55 45 6 0 0 17 57 47 59 25 11 3 27 58 47 22 5 0 3 41 46 32 12 15 35 70 54 35 7 2 0 38 65 59 75 83 94 99
115 115 113 112 109 110 106 106 107 107 101 96 90 87 74 61 57 50 46 49 44 54 52 66 69 58 34 49 56 46 53 56 52 53 45 58 51 58 48 54 59 64 73 72 73 71 74 73 71 73 71 68 70 75 77 78 78 75 58 62 50 26 34 71 41 42 19 33 40 56 72 64 40 14 6 12 58 61 22 6 5 2 30 61 44 47 40 32 30 52 51 62 75 84 95 101
116 115 115 113 112 111 107 106 105 102 101 96 90 85 77 53 54 45 43 56 52 58 63 52 51 45 56 58 51 40 64 67 44 43 47 41 55 57 51 61 50 48 48 64 68 71 70 70 72 72 68 67 71 72 71 71 70 74 80 75 75 79 75 44 43 58 38 48 42 45 21 13 28 41 71 67 35 8 3 3 3 52 68 29 5 7 9 53 61 41 39 64 80 86 91 100
117 117 115 114 113 109 106 106 104 102 101 96 91 86 76 57 52 46 48 60 63 46 52 58 56 53 58 44 55 39 45 56 55 42 56 58 56 54 45 53 58 61 66 47 38 51 51 62 65 70 74 74 74 72 70 70 72 73 71 72 69 68 69 77 69 51 57 47 47 33 4 0 1 36 51 42 53 35 14 15 56 48 19 8 1 2 41 62 29 14 46 66 78 88 95 104
118 118 115 117 113 105 105 105 105 102 101 94 93 86 76 55 52 37 40 47 48 55 49 52 53 48 50 44 46 50 55 35 48 49 59 50 54 56 60 64 68 52 56 52 63 50 54 54 50 56 67 65 74 73 74 75 72 72 65 61 69 72 73 72 73 73 74 73 72 60 49 35 45 64 31 3 12 28 61 67 52 53 45 36 19 36 56 49 13 8 54 66 78 89 96 105
119 119 117 117 113 106 106 105 107 102 101 96 91 86 75 57 53 52 54 29 35 51 45 43 59 71 74 56 54 64 58 59 51 58 53 52 49 52 57 44 47 52 58 46 39 54 60 49 52 42 51 57 54 59 71 64 75 80 77 74 68 74 77 71 72 71 71 71 58 61 75 80 69 47 45 21 8 30 62 35 10 10 12 39 63 55 34 2 4 10 56 63 79 89 97 105
119 119 119 118 112 106 105 105 105 102 101 97 90 86 76 63 51 56 59 64 50 56 64 56 45 55 59 67 48 56 46 66 60 58 47 50 49 48 58 58 52 47 58 58 49 54 68 46 56 84 54 48 65 47 47 46 50 49 70 78 80 80 81 73 70 74 61 68 66 67 76 69 67 77 80 82 58 59 41 27 8 2 10 52 42 32 48 42 33 45 57 63 78 89 97 105
119 119 119 117 112 109 107 106 105 102 101 97 90 85 76 57 54 47 61 55 42 51 68 45 40 48 49 51 49 56 51 49 33 54 45 44 44 38 52 42 52 51 64 58 52 43 48 48 44 62 56 46 53 66 48 67 52 57 56 53 48 65 79 71 77 70 83 62 73 70 68 74 77 71 70 68 72 68 69 63 59 42 54 52 29 1 2 16 65 63 54 64 78 92 98 102
119 119 119 117 112 110 108 106 105 102 101 97 90 85 78 60 59 51 62 48 42 50 70 44 73 65 55 61 52 62 47 62 59 56 61 46 59 57 49 56 65 76 51 53 49 60 45 58 53 58 56 60 53 73 46 61 49 63 61 47 59 60 52 51 62 63 74 45 73 71 64 69 73 71 74 74 73 72 73 73 73 79 63 54 55 34 28 40 62 40 51 65 78 93 99 101
118 119 115 116 112 108 108 105 104 102 101 97 91 85 77 54 49 46 36 60 46 54 58 61 66 54 46 58 54 55 45 39 78 62 45 61 40 49 44 60 58 59 59 64 73 53 67 50 52 53 47 48 50 50 59 57 46 53 46 52 58 52 55 48 44 52 54 44 69 73 70 59 62 76 71 74 69 74 78 74 69 69 74 78 75 74 73 65 34 35 52 67 81 90 96 100
118 118 114 116 111 107 108 106 105 101 101 97 90 86 77 53 43 42 50 55 56 62 56 48 47 43 53 61 55 53 72 41 54 55 51 64 49 51 53 48 58 54 55 56 49 46 47 49 50 62 52 50 51 40 47 54 53 50 40 51 48 50 62 57 63 48 50 47 47 49 64 56 33 56 60 62 77 69 73 78 75 74 72 70 71 65 67 72 72 58 46 68 82 90 94 99
119 118 114 113 111 108 107 106 105 102 101 94 93 89 79 60 59 66 61 64 30 52 64 61 72 44 71 56 45 58 64 49 44 71 54 58 39 44 55 53 52 58 60 52 55 74 61 65 45 46 62 55 50 59 48 50 61 50 58 56 56 68 53 55 54 63 55 65 51 42 50 51 49 52 43 48 63 76 62 68 70 69 67 70 71 71 69 65 73 59 43 67 79 92 94 104
118 118 115 114 112 110 108 106 104 102 101 95 93 89 81 56 49 50 44 45 62 59 33 75 60 58 57 45 64 63 49 56 54 64 53 46 52 53 57 57 51 46 42 43 43 60 70 61 62 60 61 73 58 65 54 42 48 55 37 43 48 54 64 57 56 71 51 50 50 54 47 62 44 51 53 59 52 55 61 57 64 71 72 68 67 68 69 68 79 60 46 65 79 93 95 105
114 115 115 115 116 113 108 104 100 101 101 94 93 88 79 59 53 59 52 43 53 65 44 40 47 48 65 55 50 69 54 47 59 46 53 64 62 51 57 50 57 75 58 51 53 52 47 47 63 43 56 60 60 49 47 58 54 43 59 54 50 49 46 48 47 43 36 55 61 57 52 52 52 49 53 58 51 48 43 50 46 45 58 74 72 75 74 69 74 58 49 67 79 95 97 108
116 116 115 115 116 112 108 104 102 101 101 94 93 89 80 56 57 57 61 65 63 76 53 64 59 53 44 51 47 65 64 60 61 56 52 49 52 52 49 65 52 51 52 53 52 52 60 61 53 51 52 55 52 64 66 58 56 57 75 63 67 46 46 51 44 55 45 46 54 44 49 54 57 51 45 59 55 55 62 45 49 43 42 49 53 57 59 68 77 55 48 68 79 95 97 106
120 119 114 118 115 111 109 104 106 102 101 94 92 89 78 58 50 61 64 43 37 70 51 60 57 49 57 50 52 48 54 40 50 53 58 58 65 40 52 52 46 55 65 53 63 67 55 49 62 60 53 54 56 63 46 47 55 49 47 52 53 63 66 55 50 68 45 55 57 55 56 47 50 54 44 53 50 52 49 65 55 57 52 47 45 42 50 47 62 49 48 65 80 95 97 109
119 117 115 117 117 113 108 105 105 101 100 94 93 90 81 59 52 44 37 54 62 65 60 64 40 60 57 46 64 50 57 50 47 53 43 32 53 52 54 67 49 52 52 59 46 61 61 50 59 57 60 47 42 58 61 57 52 55 76 66 59 64 56 50 46 50 48 57 56 56 46 53 60 49 45 54 50 60 55 54 62 61 54 57 52 50 53 51 48 42 51 65 81 95 97 105
119 118 115 115 111 111 108 107 105 99 102 94 93 92 83 59 47 61 32 36 50 43 48 53 51 62 68 46 56 54 57 53 49 69 59 49 41 47 41 75 67 58 50 57 51 57 56 54 62 54 52 53 45 64 55 54 49 56 50 31 58 50 62 58 49 53 45 57 71 52 47 49 51 53 61 52 55 48 46 56 56 59 55 58 57 52 50 52 63 43 53 62 83 96 98 108
