mpibenchmarks/sobel2D/sobel_red0.txt
ncols         1146
nrows         645
xllcorner     0.0
yllcorner     0.0
cellsize      1
NODATA_value  -9999
[rows 220 to 274 of 645, columns 576 to 671 of 1146]
7 12 13 17 21 12 0 5 12 7 0 0 0 0 0 0 0 0 0 2 4 18 28 24 30 39 32 11 3 1 1 1 0 0 0 2 3 14 25 32 36 27 16 13 10 16 21 23 24 25 14 12 24 27 29 29 27 22 18 20 42 50 49 108 182 157 167 203 119 57 98 179 224 211 233 226 165 123 50 12 4 4 10 34 74 124 155 166 161 135 59 4 4 24 24 12
1 7 17 24 28 14 1 5 10 9 4 0 0 0 0 0 0 0 0 1 7 20 27 18 15 12 5 4 2 1 2 1 0 0 0 4 11 25 29 20 12 4 10 16 15 13 11 10 19 23 5 4 27 27 22 19 10 18 23 22 37 39 43 102 128 69 77 182 159 182 231 267 228 181 189 225 247 259 192 81 15 16 48 77 108 120 101 74 93 156 106 20 5 21 23 13
2 4 12 25 41 17 3 4 8 14 10 0 0 0 1 2 1 0 0 0 8 21 24 17 17 12 2 3 3 2 5 10 10 8 8 11 19 26 24 9 4 4 7 14 17 12 5 2 20 24 5 5 30 33 13 10 7 20 31 19 28 49 64 112 108 43 42 104 132 188 196 174 127 112 95 82 113 184 222 162 44 54 109 101 79 96 83 62 77 143 121 31 6 19 19 12
0 0 5 20 49 18 4 4 7 12 11 0 0 0 2 0 2 0 0 1 6 17 26 29 32 34 29 19 11 1 16 24 34 40 42 38 31 22 16 5 0 3 2 4 10 16 18 16 24 32 38 39 38 30 5 4 5 16 35 26 36 70 95 107 69 28 52 91 122 118 103 84 64 63 66 58 67 128 157 160 91 73 117 62 106 157 143 140 148 181 147 50 23 4 22 27
2 2 6 21 49 20 7 7 12 10 4 1 1 1 3 5 3 3 4 4 5 10 20 24 25 31 31 21 18 3 28 25 26 31 32 32 29 22 13 6 4 4 3 3 3 10 15 18 25 31 35 35 28 12 2 1 3 10 35 41 43 63 87 72 42 69 91 95 83 80 72 52 41 40 56 85 134 180 113 96 120 46 133 107 133 141 92 92 139 215 207 81 25 21 15 22
16 16 18 26 43 23 9 10 12 1 0 2 1 8 14 16 16 15 14 16 15 8 7 14 11 9 26 20 14 17 36 22 10 5 2 4 10 12 12 11 10 11 12 12 11 9 9 11 11 7 1 0 1 2 1 5 7 14 28 44 49 55 74 61 19 32 35 40 46 51 42 39 35 30 51 123 195 172 33 51 121 26 128 147 129 84 32 24 69 162 230 134 32 31 20 7
24 25 28 29 31 21 5 8 5 1 2 4 8 17 17 15 15 13 12 12 14 15 10 10 14 16 25 21 23 29 33 17 7 5 4 13 17 16 16 16 16 15 14 16 18 17 16 16 17 14 6 3 3 5 6 4 7 16 21 36 54 71 83 69 37 47 30 25 40 32 21 21 5 40 96 189 229 133 31 55 98 25 117 139 130 84 33 46 71 127 184 143 65 50 36 15
25 26 32 32 23 14 5 4 1 0 1 10 15 12 7 0 1 3 3 1 5 12 15 8 7 17 27 37 40 32 20 10 11 13 12 19 21 16 16 18 20 18 16 16 16 16 16 17 21 21 16 15 11 9 12 11 5 20 19 32 63 86 84 56 14 61 37 29 22 3 11 17 42 79 144 237 221 115 84 86 63 52 117 119 112 76 72 94 101 136 148 90 51 67 62 40
23 23 22 20 19 17 12 8 6 7 8 14 13 4 2 2 5 8 7 4 2 4 14 14 8 15 23 27 28 28 25 20 18 17 16 22 22 16 16 16 16 16 16 16 16 16 14 10 14 17 14 17 17 14 10 10 12 20 14 34 70 69 80 92 60 58 32 29 16 13 15 25 66 79 141 230 180 80 69 53 17 73 112 95 84 66 68 77 89 112 112 51 8 42 54 28
9 9 5 5 15 21 21 19 17 17 17 13 7 0 1 8 11 11 12 10 3 0 8 17 20 20 20 20 20 22 26 26 22 20 21 25 22 16 16 14 10 9 11 11 11 14 14 8 7 13 16 17 20 19 11 4 12 16 9 37 61 44 59 86 69 46 28 22 4 7 11 31 63 60 118 221 190 71 24 19 17 65 103 88 73 79 82 60 51 81 93 39 13 21 52 30
16 16 15 14 18 10 9 12 15 16 16 14 10 8 9 16 14 9 8 12 7 8 10 15 18 16 14 15 16 15 13 13 15 16 16 17 11 4 4 7 14 18 17 16 14 8 10 11 12 15 16 17 19 22 26 22 30 31 28 41 45 17 15 40 45 30 13 11 4 5 18 46 55 41 95 202 198 114 58 31 20 48 80 87 118 143 137 115 89 86 75 28 22 26 64 71
18 15 13 15 9 2 1 5 8 10 9 9 13 15 13 22 16 12 8 8 11 12 11 8 6 7 8 7 6 7 8 9 10 9 7 5 4 4 3 9 17 21 20 19 16 12 7 5 9 6 5 7 9 15 32 50 58 56 56 53 39 16 8 20 24 15 13 8 11 7 42 53 32 23 69 164 221 224 180 99 19 31 66 103 127 129 122 123 129 103 51 15 32 40 45 70
3 4 3 7 5 7 7 11 15 16 17 18 17 16 15 20 7 16 13 13 15 15 14 15 16 17 18 17 16 16 17 18 17 16 16 15 13 12 12 15 13 4 5 1 9 19 12 8 6 12 17 16 9 14 37 50 60 65 68 63 49 37 26 20 19 16 29 23 29 27 52 47 22 22 33 71 132 170 178 145 46 20 34 41 37 34 47 53 51 47 40 29 42 48 18 26
7 27 35 21 13 13 12 18 22 19 18 18 15 13 14 11 2 10 16 17 16 15 14 16 19 19 17 17 18 17 16 15 14 15 16 15 14 15 15 11 6 4 5 2 2 14 18 12 8 17 18 15 20 43 59 54 63 68 80 105 109 84 53 41 43 54 63 56 60 57 52 53 44 48 46 45 39 64 164 173 64 12 7 7 12 13 4 16 10 7 17 26 46 63 64 43
19 21 11 28 29 18 13 15 12 3 3 3 3 5 5 5 13 19 18 15 14 16 18 16 12 10 12 15 16 16 17 18 17 16 16 13 7 4 4 3 1 1 2 3 3 3 11 19 10 18 11 22 40 72 87 94 99 91 112 151 171 178 145 108 93 89 84 79 87 99 98 86 76 78 77 72 75 96 163 154 58 16 9 5 4 10 15 11 15 3 3 6 23 41 67 72
34 32 17 27 34 31 40 34 9 13 7 4 4 4 1 8 21 14 11 12 16 17 18 17 13 4 7 10 12 12 11 10 12 14 13 14 10 1 1 3 3 1 0 0 0 2 11 17 10 20 22 30 38 64 73 82 81 82 108 123 136 192 204 147 96 72 55 46 78 122 137 123 108 98 89 76 68 79 125 113 44 23 14 6 1 5 13 11 7 7 20 27 20 9 11 41
95 54 44 14 1 15 33 35 47 46 32 14 5 8 4 17 25 12 8 12 12 6 1 1 13 8 12 7 1 0 1 2 3 0 2 10 11 11 12 12 11 7 2 0 0 2 7 13 16 14 30 28 26 48 58 72 47 37 84 94 58 33 98 111 69 52 52 51 93 103 93 94 101 90 69 60 50 39 91 96 47 26 20 11 12 11 10 14 21 29 33 32 31 31 18 9
641 427 233 77 89 104 48 56 65 48 8 33 26 13 4 29 29 22 12 13 27 36 38 36 26 11 16 9 3 0 1 4 5 3 3 8 11 15 17 20 20 15 8 2 2 4 7 7 7 10 26 33 27 27 44 82 89 80 102 115 69 103 101 64 30 77 88 84 79 64 24 54 79 71 59 50 52 50 65 70 51 37 18 10 12 12 13 21 30 26 11 1 3 20 15 8
722 819 800 605 243 103 254 344 241 56 121 91 5 17 1 37 20 31 19 23 48 57 59 61 55 43 38 24 1 3 2 10 16 20 20 20 20 21 22 21 19 24 17 1 10 17 23 25 26 26 28 31 24 16 11 36 63 81 110 130 92 122 118 101 67 39 32 23 19 42 40 70 70 66 55 39 47 59 62 56 54 41 10 1 3 3 4 12 15 14 18 20 21 25 18 15
118 344 590 776 703 561 707 805 858 775 475 92 65 26 6 21 37 32 11 24 42 29 31 42 51 55 61 57 25 12 8 19 14 6 13 23 29 27 24 25 24 32 23 9 16 24 27 42 50 32 5 44 37 33 29 20 49 55 71 68 85 47 44 157 215 174 91 4 78 112 118 131 68 56 60 6 35 26 38 58 55 32 11 3 4 0 6 9 18 21 16 12 12 17 12 10
84 72 12 297 642 689 533 390 502 750 951 832 424 88 14 22 32 29 20 30 38 22 14 11 4 15 39 57 38 26 20 26 25 16 14 15 26 32 40 55 55 49 32 17 14 34 34 44 28 25 162 285 253 149 60 101 258 327 304 281 363 460 508 531 502 482 464 404 354 280 165 104 84 131 112 63 75 66 59 58 28 22 10 13 3 7 15 13 12 13 14 13 10 10 7 4
49 47 27 16 109 129 48 17 18 93 345 719 885 575 137 41 14 26 43 34 23 21 9 5 8 8 27 47 26 19 23 27 27 24 21 29 29 16 47 54 64 69 56 42 32 59 53 12 19 203 309 191 140 168 228 428 555 521 519 536 533 504 460 375 289 282 360 450 513 539 505 396 252 149 67 65 65 84 112 117 80 50 16 22 0 13 19 17 19 17 12 10 12 15 12 12
77 63 31 20 10 20 48 49 48 39 13 113 500 855 649 153 33 23 40 43 33 29 32 49 50 33 34 51 22 9 15 19 21 25 22 33 45 41 45 32 26 37 41 53 66 96 51 45 239 252 18 109 42 126 370 548 468 345 323 284 169 67 32 22 39 41 51 90 153 213 269 346 427 486 426 240 75 44 89 116 145 102 17 27 4 19 30 26 26 20 13 4 6 14 20 26
65 39 21 22 16 7 16 17 13 34 51 37 82 452 890 683 140 41 37 23 27 23 47 55 46 32 38 53 30 23 20 19 19 22 20 21 31 49 54 53 47 30 4 35 80 110 93 209 340 96 79 127 155 293 414 355 166 65 53 80 127 110 60 26 21 9 11 45 32 60 47 44 112 248 416 497 443 290 76 87 147 148 70 17 5 24 36 8 7 21 22 8 11 25 17 10
26 17 8 4 6 7 20 12 8 12 18 12 18 60 446 903 700 158 29 16 16 18 54 32 22 23 40 44 26 25 22 18 16 22 29 31 31 42 39 28 24 17 22 30 86 91 112 277 49 235 56 186 218 340 338 158 34 41 33 31 20 76 93 87 70 47 24 24 43 11 56 69 57 25 64 222 377 510 474 185 60 131 117 63 27 27 34 17 13 24 25 16 25 42 34 12
27 22 7 1 4 15 25 19 22 39 34 33 34 20 45 440 943 689 86 42 21 39 46 21 16 18 38 37 16 18 24 24 21 24 31 38 41 51 51 41 31 27 37 35 104 72 169 142 211 122 191 336 344 274 183 44 66 79 93 124 165 170 120 41 30 54 63 45 34 17 18 15 49 48 16 27 40 184 452 530 308 22 104 72 47 30 8 37 38 26 18 14 8 31 42 20
42 27 16 0 15 16 26 51 57 65 61 57 49 29 20 27 509 982 558 20 60 41 27 14 12 16 30 34 19 17 21 24 24 23 13 10 17 35 46 47 35 36 48 46 105 124 260 71 199 233 436 389 180 116 100 90 126 162 186 209 236 272 298 264 143 38 43 64 7 38 15 9 12 25 38 41 23 4 53 271 504 398 77 95 83 22 36 42 47 33 9 13 24 20 23 18
42 18 22 3 17 11 11 65 66 27 18 16 17 33 22 31 72 645 976 450 14 8 11 12 10 14 26 30 16 9 11 15 13 17 17 13 8 17 22 24 24 36 46 66 72 212 255 154 175 469 363 156 13 89 170 181 190 197 210 224 214 198 219 311 320 190 49 49 40 31 19 24 23 19 31 34 27 37 33 53 121 438 425 72 127 65 55 22 18 24 26 21 20 20 19 15
32 14 22 9 14 13 3 48 73 70 75 76 51 12 22 24 29 149 769 922 292 25 11 12 11 14 27 27 15 8 4 9 10 8 12 18 17 23 23 5 18 48 43 67 50 287 244 129 389 358 134 76 104 150 206 240 225 187 174 171 157 138 130 201 361 421 239 20 49 14 33 22 26 26 30 13 15 31 69 38 87 44 404 442 65 140 58 12 23 31 29 14 17 17 17 11
20 77 100 81 62 51 37 10 34 30 34 52 52 48 43 30 10 22 261 924 762 110 19 27 31 34 34 24 11 7 1 7 11 2 2 19 24 27 20 7 20 46 39 52 73 378 320 269 325 80 25 103 238 241 166 162 152 125 103 88 82 90 91 98 176 383 486 253 7 54 19 48 45 41 60 19 17 26 58 62 26 84 4 399 463 55 141 52 31 41 38 15 8 9 3 2
115 176 205 211 197 174 162 133 63 8 9 34 27 28 44 36 18 3 27 505 1005 497 36 17 30 35 29 19 11 5 2 8 10 2 2 23 28 25 18 7 18 37 29 48 128 500 422 275 123 57 77 213 268 168 63 38 40 52 68 65 53 45 44 53 56 127 390 510 252 9 66 28 81 60 55 75 21 5 37 60 61 32 108 3 457 458 15 135 41 35 33 26 4 3 2 1
232 235 221 236 246 232 223 215 181 102 43 20 18 8 4 16 15 14 25 103 784 888 201 36 17 21 18 14 12 13 14 10 7 1 2 22 27 24 18 10 27 38 8 35 318 594 392 147 49 71 175 259 180 66 24 19 24 50 68 67 58 55 63 76 78 57 128 414 509 260 20 75 25 103 90 39 73 12 14 13 39 91 34 123 76 550 405 87 128 45 37 25 12 4 1 0
256 216 165 142 159 165 145 143 146 130 110 67 22 4 4 9 15 15 7 37 353 958 573 46 17 20 9 10 9 8 9 9 4 1 2 18 22 25 29 24 39 35 51 46 480 551 226 45 25 131 288 232 101 25 21 21 39 62 55 51 67 86 99 97 89 90 61 159 391 489 284 22 83 39 104 108 27 74 29 33 38 35 88 31 132 191 597 258 144 127 65 20 14 7 2 0
229 144 94 79 95 110 132 161 126 83 102 119 106 61 13 10 11 15 10 25 45 691 871 200 38 11 1 0 2 1 4 3 3 1 2 13 20 24 23 26 45 46 41 189 564 422 129 63 73 249 299 131 58 24 17 30 59 66 54 46 58 71 66 52 53 75 77 71 128 354 496 314 57 76 52 92 131 10 96 95 37 58 23 34 61 91 332 551 139 149 82 18 22 18 9 2
161 80 59 55 65 76 110 190 195 139 114 110 127 130 69 7 10 16 20 24 31 332 915 497 45 6 3 5 7 8 7 6 6 6 7 7 4 15 14 12 25 24 51 333 547 296 86 39 132 272 203 49 51 36 22 54 66 66 60 49 51 52 35 26 24 54 69 60 60 106 329 484 326 58 109 77 84 160 59 79 133 68 29 15 16 77 14 435 414 128 72 14 21 23 16 0
78 51 49 49 57 58 57 122 167 165 168 147 127 152 124 32 12 16 30 15 0 97 754 761 93 11 8 13 16 15 15 18 20 22 24 21 15 18 18 11 4 43 127 433 505 208 70 13 143 234 139 44 58 49 34 51 46 55 40 24 52 63 48 43 42 56 41 36 60 35 74 269 450 365 91 90 86 64 175 110 44 135 64 33 6 4 76 140 414 225 45 7 11 27 19 1
60 52 48 48 55 56 42 70 99 107 128 146 143 161 177 84 10 21 35 21 20 28 498 895 311 44 12 12 9 9 10 9 9 12 15 15 13 18 20 7 34 97 177 507 468 149 53 59 141 207 119 51 64 57 40 40 35 52 26 26 65 40 22 55 60 38 12 26 52 50 60 93 188 347 244 22 107 86 43 171 113 64 128 51 22 27 45 47 247 331 82 17 28 28 11 7
62 56 40 34 40 48 39 49 65 70 68 82 117 148 203 159 32 23 29 30 26 26 231 876 580 55 14 8 1 3 2 2 4 7 7 9 18 31 38 50 101 103 234 566 408 113 75 117 170 171 101 62 65 57 37 36 42 50 19 28 76 32 34 36 133 181 159 128 121 124 204 283 287 178 248 322 224 24 118 32 170 78 81 153 75 22 27 72 71 343 207 27 29 21 11 12
57 59 45 38 41 52 48 45 43 49 61 67 86 110 169 193 98 10 29 23 33 11 48 715 788 109 17 18 2 1 2 1 1 8 12 7 5 29 65 87 95 68 358 601 300 92 70 173 193 136 90 68 63 55 36 31 37 48 36 52 95 78 123 188 220 212 165 109 162 354 318 105 107 253 313 250 195 176 63 131 48 171 130 106 200 21 47 43 40 245 346 60 64 26 18 7
35 56 60 60 53 43 41 47 30 36 64 72 84 107 136 181 139 10 42 5 30 32 47 472 872 302 31 35 6 2 3 0 2 8 15 5 2 29 81 45 45 125 516 549 166 68 85 206 188 127 88 63 58 53 43 36 19 26 48 88 155 156 171 139 41 119 163 257 481 427 152 77 154 313 307 358 268 267 115 117 137 53 253 108 196 106 45 24 68 58 350 223 21 48 26 5
20 35 45 49 60 38 29 41 29 40 72 87 99 122 133 170 148 10 48 5 20 43 53 240 840 508 17 44 11 8 7 4 1 6 14 14 10 20 79 89 51 266 627 411 97 53 119 213 174 121 85 62 61 55 45 47 38 43 41 106 154 123 80 88 129 220 349 501 482 179 98 256 431 568 446 583 490 334 154 80 191 224 83 185 93 135 18 23 43 54 219 347 105 29 25 24
16 15 27 47 54 38 33 33 19 20 46 85 113 132 140 163 143 29 56 24 34 39 45 79 748 699 70 23 5 4 1 2 1 4 6 13 17 29 52 123 83 447 657 236 47 2 148 204 158 107 72 63 70 70 52 57 43 6 11 86 143 162 161 126 299 492 577 512 345 263 232 180 603 750 150 583 806 374 128 83 92 206 166 70 30 94 74 7 32 81 78 368 232 31 6 17
18 14 28 49 41 32 36 33 17 11 22 76 127 133 140 165 142 37 62 45 29 19 39 58 606 850 186 31 18 7 5 6 13 14 5 5 11 36 74 125 181 614 554 105 17 33 149 186 147 102 62 59 66 69 50 55 81 79 72 110 189 289 391 439 620 603 475 351 226 210 193 118 524 888 780 856 668 140 50 66 22 92 91 99 19 39 84 31 29 68 46 297 325 13 11 19
18 16 28 48 32 28 33 30 29 18 13 71 128 126 139 183 146 27 59 61 20 7 41 80 429 909 361 72 12 8 3 13 17 14 15 2 9 37 108 112 328 706 363 14 44 45 125 167 135 117 94 45 87 242 364 433 461 462 463 461 494 609 653 598 495 255 182 138 30 24 67 60 205 535 678 590 298 74 44 44 51 91 11 70 92 38 61 34 21 54 59 178 390 113 100 90
13 16 32 48 34 31 38 34 26 20 22 74 125 125 146 205 152 35 65 75 26 9 45 75 244 880 560 68 9 17 4 14 18 2 15 15 10 16 88 122 523 687 143 89 92 63 93 142 105 135 167 254 399 448 485 514 528 555 568 521 415 353 271 232 83 84 136 72 43 63 18 33 37 108 141 92 54 80 29 7 52 124 68 66 72 92 65 44 28 69 72 76 413 279 122 147
3 8 32 39 31 37 47 49 26 24 44 74 121 137 164 212 142 24 69 93 39 17 39 82 62 781 725 16 26 17 8 14 15 8 7 18 26 40 51 230 734 526 26 67 25 36 59 115 115 234 372 424 286 154 152 109 91 93 98 130 145 46 181 386 303 243 151 106 26 48 21 19 20 18 43 32 50 67 27 14 44 138 103 107 50 115 113 41 24 49 119 50 362 447 119 26
28 25 33 42 35 41 48 56 56 90 105 90 110 142 172 197 122 13 57 107 62 6 8 34 63 632 866 126 76 21 8 10 14 14 8 4 2 31 34 430 836 317 86 40 66 67 77 149 203 249 270 197 127 101 107 17 10 30 65 58 84 124 221 379 201 364 123 117 95 11 19 14 12 11 41 55 69 38 10 17 40 105 158 38 129 97 167 33 4 25 140 60 202 491 331 65
47 51 56 65 79 95 109 164 251 303 291 212 112 127 166 184 113 21 46 112 71 36 38 29 104 436 956 323 99 19 3 5 11 15 12 11 8 7 32 606 812 159 81 28 42 77 115 149 130 95 64 41 100 68 42 48 29 38 42 33 52 134 265 320 63 376 199 103 173 37 16 7 2 20 38 36 17 17 15 3 51 86 153 10 135 76 183 27 17 10 122 82 27 353 448 133
68 92 129 200 304 378 420 429 370 262 223 258 214 107 149 171 121 24 59 105 58 42 25 42 82 236 940 537 86 12 5 2 6 6 12 17 8 8 69 705 740 53 43 24 38 110 90 68 56 36 40 52 69 115 114 160 51 35 49 74 16 63 226 318 169 268 321 151 168 155 9 19 12 16 10 8 15 24 24 124 139 115 160 63 116 79 169 8 19 6 104 75 25 192 405 236
150 251 329 395 406 346 290 214 80 68 100 23 145 105 121 152 128 21 66 92 53 24 20 21 25 92 835 691 34 13 2 0 8 3 1 14 9 13 63 734 715 21 30 39 79 132 24 30 23 34 20 117 79 30 116 122 117 29 24 46 85 82 194 364 212 113 272 220 124 187 143 55 28 27 24 28 93 235 347 296 203 240 189 148 91 82 149 14 19 28 95 47 36 135 304 230
411 411 372 282 121 31 55 21 61 118 105 95 77 147 135 130 115 15 55 77 47 4 27 21 31 47 694 777 72 30 1 2 5 7 11 15 4 17 35 671 793 93 98 60 146 104 45 75 77 7 70 116 64 80 130 98 93 25 10 24 20 100 229 342 208 40 193 264 178 173 198 182 281 405 447 446 451 417 300 210 231 256 150 206 70 93 126 39 35 34 86 9 32 93 288 172
409 286 165 64 52 14 88 79 75 112 185 177 107 97 118 92 70 21 41 71 49 8 33 15 45 37 539 833 224 61 14 16 15 15 18 9 5 18 39 515 875 163 146 103 169 90 85 38 123 44 61 109 47 98 16 50 26 13 11 32 9 142 284 292 207 106 181 271 204 222 346 390 383 381 385 376 326 218 151 211 233 110 240 197 57 93 106 51 29 25 88 35 5 24 305 196
90 49 71 65 42 79 85 18 62 84 86 68 91 66 32 8 41 48 22 72 47 10 29 6 21 50 368 828 431 65 24 17 17 18 17 8 11 12 21 366 845 290 129 129 122 129 35 78 88 71 57 11 62 56 37 30 8 6 9 20 32 187 310 277 238 182 205 328 238 89 238 405 395 262 195 194 192 202 224 180 92 157 255 171 41 64 78 42 23 32 79 17 49 15 228 302
78 87 69 38 72 67 27 5 49 60 37 97 18 100 27 26 11 52 14 71 43 4 24 0 6 71 215 762 646 44 3 4 9 11 11 8 20 4 96 216 669 512 68 88 90 123 106 62 15 69 51 59 21 44 24 22 4 10 5 2 43 282 333 242 237 202 155 318 272 116 191 198 167 232 255 285 250 173 69 87 132 184 246 153 40 63 7 31 16 25 55 7 46 45 88 346
172 66 79 93 75 51 55 71 83 80 65 74 112 82 21 31 48 48 34 60 34 13 22 6 9 40 122 661 764 124 10 13 11 9 5 8 40 28 165 87 387 645 169 58 68 54 143 36 102 22 42 57 48 8 16 17 16 22 21 4 177 455 281 115 238 203 68 365 226 69 85 225 146 57 76 72 52 134 91 96 133 218 243 129 51 20 48 18 13 34 42 15 11 84 38 217
